2.300,30,68,41
B0,mixamorig_Hips,-1,0.8764905333518982,0.02967495284974575,0.48050355911254883,0,-0.2026541531085968,0.9281008839607239,0.3123452365398407,0,-0.4366873502731323,-0.37114331126213074,0.8194855451583862,0,0.011606559157371521,0.8748211860656738,0.02283276617527008,1
B1,mixamorig_Spine,0,0.9994591474533081,0.01382595207542181,0.029819434508681297,0,-0.015740809962153435,0.9977635741233826,0.06495554000139236,0,-0.028855979442596436,-0.06538975983858109,0.9974417090415955,0,0,0.20628799498081207,-0.003951000049710274,1
B2,mixamorig_Spine1,1,0.9935463070869446,-0.06568752974271774,0.09247446060180664,0,0.06290499866008759,0.9974836111068726,0.03268757835030556,0,-0.09438960999250412,-0.02665943279862404,0.9951784610748291,0,0,0.2407130002975464,0,1
B3,mixamorig_Spine2,2,0.9931395053863525,-0.06657122075557709,0.09613855928182602,0,0.0634743794798851,0.9973724484443665,0.03491905331611633,0,-0.09821055084466934,-0.028577210381627083,0.9947550296783447,0,0,0.2751010060310364,0,1
B4,mixamorig_Neck,3,0.9421985149383545,0.17915627360343933,-0.2831323444843292,0,-0.17369945347309113,0.9837937355041504,0.044482264667749405,0,0.2865128815174103,0.007269055116921663,0.9580485820770264,0,0,0.3094879984855652,0,1
B5,mixamorig_Head,4,0.8848118782043457,-0.22113320231437683,-0.4101308584213257,0,0.08792835474014282,0.9436352849006653,-0.3190930485725403,0,0.4575755000114441,0.24627470970153809,0.8543838858604431,0,0,0.15292400121688843,-0.0011180000146850944,1
B6,mixamorig_HeadTop_End,5,1,0,0,0,0,1,0,0,0,0,1,0,0,1.1334810256958008,-0.008286000229418278,1
B7,mixamorig_LeftShoulder,3,0.33455178141593933,0.015009241178631783,-0.9422574043273926,0,0.8755250573158264,-0.3748331069946289,0.30488768219947815,0,-0.3486129343509674,-0.9269707202911377,-0.13854193687438965,0,0.10886099934577942,0.27235299348831177,-0.0016169999726116657,1
B8,mixamorig_LeftArm,7,0.9053140878677368,0.3761972188949585,0.19714060425758362,0,-0.4152542054653168,0.8814921975135803,0.2247961014509201,0,-0.08920745551586151,-0.28537866473197937,0.9542453289031982,0,0,0.2262520045042038,0,1
B9,mixamorig_LeftForeArm,8,0.7479029893875122,0.5699111223220825,-0.34035083651542664,0,-0.5675513744354248,0.8149231672286987,0.11740904301404953,0,0.34427404403686523,0.10535403341054916,0.932937741279602,0,0,0.560837984085083,0,1
B10,mixamorig_LeftHand,9,0.9792132377624512,0.11009373515844345,-0.17033468186855316,0,-0.16310858726501465,0.9266207814216614,-0.3387663662433624,0,0.12054254859685898,0.3595118224620819,0.9253212213516235,0,0,0.4560370147228241,0,1
B11,mixamorig_LeftHandThumb1,10,0.7868800163269043,0.5656690001487732,-0.24665461480617523,0,-0.5120890140533447,0.8215849995613098,0.25052401423454285,0,0.3443616032600403,-0.07082338631153107,0.936161994934082,0,-0.08322200179100037,0.06543400138616562,0,1
B12,mixamorig_LeftHandThumb2,11,0.9558951258659363,-0.08439555764198303,0.2813185155391693,0,0.08322937786579132,0.9963990449905396,0.016116628423333168,0,-0.2816656529903412,0.008008867502212524,0.9594786167144775,0,-0.006360999774187803,0.08445300161838531,0,1
B13,mixamorig_LeftHandThumb3,12,0.9669331908226013,-0.2531570792198181,0.03064437210559845,0,0.2544098198413849,0.9658960103988647,-0.048057496547698975,0,-0.017430098727345467,0.05426853895187378,0.9983731508255005,0,0.00915099959820509,0.09665299952030182,0,1
B14,mixamorig_LeftHandThumb4,13,1,0,0,0,0,1,0,0,0,0,1,0,-0.0027910000644624233,0.07388699799776077,0,1
B15,mixamorig_LeftHandIndex1,10,0.9716421961784363,-0.09070613235235214,-0.21836629509925842,0,0.08030499517917633,0.9951856732368469,-0.05605798214673996,0,0.22240276634693146,0.0369325689971447,0.9742484092712402,0,0,0.11323200166225433,0.0015119999879971147,1
B16,mixamorig_LeftHandIndex2,15,0.9954976439476013,0.08795618265867233,0.035310909152030945,0,-0.09122325479984283,0.7881096601486206,0.6087116003036499,0,0.02571805566549301,-0.609192430973053,0.792586624622345,0,0.003246000036597252,0.15143999457359314,0,1
B17,mixamorig_LeftHandIndex3,16,0.9859650731086731,0.15957067906856537,0.04908758029341698,0,-0.15577831864356995,0.7735843658447266,0.6142255663871765,0,0.060045015066862106,-0.613251268863678,0.7875855565071106,0,-0.003218000056222081,0.11913099884986877,0,1
B18,mixamorig_LeftHandIndex4,17,1,0,0,0,0,1,0,0,0,0,1,0,-0.000028000000384054147,0.09968400001525879,0,1
B19,mixamorig_RightShoulder,3,0.0346665196120739,0.030957844108343124,0.9989190101623535,0,-0.888938307762146,-0.45580998063087463,0.04497493430972099,0,0.4567092955112457,-0.8895366787910461,0.011717614717781544,0,-0.10886099934577942,0.2723180055618286,0.0001939999929163605,1
B20,mixamorig_RightArm,19,0.4320600628852844,0.2621566951274872,-0.8628931641578674,0,0.4586898982524872,0.7599289417266846,0.4605455696582794,0,0.7764770984649658,-0.594793975353241,0.20808584988117218,0,0,0.2262520045042038,0,1
B21,mixamorig_RightForeArm,20,-0.4559032618999481,-0.87940514087677,0.1371074914932251,0,0.6965221166610718,-0.2566210627555847,0.670076310634613,0,-0.554083526134491,0.4009883999824524,0.7295194864273071,0,0,0.5606709718704224,0,1
B22,mixamorig_RightHand,21,0.9275032877922058,-0.12962785363197327,0.3506101965904236,0,0.15732033550739288,0.986199140548706,-0.051565103232860565,0,-0.3390877842903137,0.10298725217580795,0.9350969195365906,0,0,0.4562090039253235,0,1
B23,mixamorig_RightHandThumb1,22,0.7898033857345581,-0.5708509087562561,0.2243657261133194,0,0.5238136649131775,0.8180608153343201,0.23747749626636505,0,-0.31910836696624756,-0.07003432512283325,0.9451270699501038,0,0.07626300305128098,0.07689099758863449,0,1
B24,mixamorig_RightHandThumb2,23,0.9251088500022888,0.21433860063552856,-0.3134171664714813,0,-0.20809906721115112,0.97663414478302,0.05365278199315071,0,0.31759393215179443,0.015587438829243183,0.9480988383293152,0,0.015768999233841896,0.08518999814987183,0,1
B25,mixamorig_RightHandThumb3,24,0.9836410284042358,0.07710012048482895,-0.1627894639968872,0,-0.10042848438024521,0.9849977493286133,-0.14031445980072021,0,0.1495281159877777,0.15436948835849762,0.9766322374343872,0,0.0038819999899715185,0.09520799666643143,0,1
B26,mixamorig_RightHandThumb4,25,1,0,0,0,0,1,0,0,0,0,1,0,-0.019650999456644058,0.06658300012350082,0,1
B27,mixamorig_RightHandIndex1,22,0.9517243504524231,0.01486523449420929,0.3065948784351349,0,0.027306845411658287,0.9907663464546204,-0.1328047811985016,0,-0.30573779344558716,0.134765163064003,0.9425300359725952,0,0,0.11284700036048889,0.0026950000319629908,1
B28,mixamorig_RightHandIndex2,27,0.9972741603851318,-0.06929869204759598,-0.02533116191625595,0,0.07130838930606842,0.8170774579048157,0.5720946788787842,0,-0.01894976757466793,-0.572342038154602,0.8197922110557556,0,-0.004110999871045351,0.15492799878120422,0,1
B29,mixamorig_RightHandIndex3,28,0.9851030707359314,-0.16715244948863983,-0.040389884263277054,0,0.1609887033700943,0.8138828277587891,0.558271586894989,0,-0.06044616550207138,-0.55645751953125,0.8286684155464172,0,0.004586999770253897,0.1223910003900528,0,1
B30,mixamorig_RightHandIndex4,29,1,0,0,0,0,1,0,0,0,0,1,0,-0.00047599998652003706,0.09364800155162811,0,1
B31,mixamorig_LeftUpLeg,0,-0.6572345495223999,-0.5533125400543213,0.5117484927177429,0,0.45247092843055725,0.2533503472805023,0.8550329804420471,0,-0.6027538776397705,0.7935088276863098,0.08384820818901062,0,0.187049001455307,-0.11460500210523605,-0.0032820000778883696,1
B32,mixamorig_LeftLeg,31,0.702090322971344,-0.32817524671554565,0.6319575309753418,0,0.6122850775718689,-0.17488379776477814,-0.7710514664649963,0,0.36355912685394287,0.9282859563827515,0.07815296202898026,0,0,0.5946940183639526,0,1
B33,mixamorig_LeftFoot,32,0.9964450001716614,0.02276020683348179,0.08111011236906052,0,-0.08372148126363754,0.37457147240638733,0.923409640789032,0,-0.009363922290503979,-0.9269187450408936,0.37514594197273254,0,0,0.5307940244674683,0,1
B34,mixamorig_LeftToeBase,33,0.9999386072158813,0.00985614862293005,0.0050750840455293655,0,-0.01089423056691885,0.7887723445892334,0.6145890951156616,0,0.002054298762232065,-0.6146066784858704,0.788831353187561,0,0,0.36083701252937317,0,1
B35,mixamorig_LeftToe_End,34,1,0,0,0,0,1,0,0,0,0,1,0,0,0.13561199605464935,0,1
B36,mixamorig_RightUpLeg,0,-0.9046446681022644,0.3980098366737366,-0.15233340859413147,0,-0.2241736352443695,-0.14043012261390686,0.9643758535385132,0,0.3624395430088043,0.906566321849823,0.21626341342926025,0,-0.187049001455307,-0.11460500210523605,0.0013620000099763274,1
B37,mixamorig_RightLeg,36,0.9665595293045044,0.19855953752994537,-0.16228000819683075,0,0.00475608604028821,-0.6465821266174316,-0.7628215551376343,0,-0.25639551877975464,0.7365410923957825,-0.625903844833374,0,0,0.5951849818229675,0,1
B38,mixamorig_RightFoot,37,0.9669874906539917,0.2092227041721344,-0.14546658098697662,0,0.18103013932704926,-0.16227585077285767,0.9699965119361877,0,0.1793396919965744,-0.9643080830574036,-0.19479408860206604,0,0,0.5309349894523621,0,1
B39,mixamorig_RightToeBase,38,0.9845662713050842,0.08925346285104752,-0.15054351091384888,0,0.09651264548301697,0.4406782388687134,0.8924571871757507,0,0.1459948867559433,-0.8932129740715027,0.425262987613678,0,0,0.3575519919395447,0,1
B40,mixamorig_RightToe_End,39,1,0,0,0,0,1,0,0,0,0,1,0,0,0.13513900339603424,0,1
@34,0,1,2,3,4,5,7,8,9,10,11,12,13,15,16,17,19,20,21,22,23,24,25,27,28,29,31,32,33,34,36,37,38,39
K0.000,0.8843110203742981,0.04775900021195412,0.46445000171661377,0,-0.20311300456523895,0.9350450038909912,0.2905769944190979,0,-0.42040398716926575,-0.35129600763320923,0.8365709781646729,0,0.003829000052064657,0.8217740058898926,0.015163999982178211,1,0.9991329908370972,-0.014582999981939793,0.03899800032377243,0,0.010067000053822994,0.993478000164032,0.11357899755239487,0,-0.04039999842643738,-0.11308799684047699,0.9927629828453064,0,0,0.20628799498081207,-0.003951000049710274,1,0.9945669770240784,-0.05603000149130821,0.08772999793291092,0,0.0541750006377697,0.9982579946517944,0.023377999663352966,0,-0.08888699859380722,-0.018497999757528305,0.9958699941635132,0,0,0.2407130002975464,0,1,0.9945679903030396,-0.05605499818921089,0.0877079963684082,0,0.0541669987142086,0.9982489943504333,0.02376900054514408,0,-0.08888699859380722,-0.018890000879764557,0.9958630204200745,0,0,0.2751010060310364,0,1,0.9443190097808838,0.1824910044670105,-0.2737849950790405,0,-0.17995500564575195,0.983066976070404,0.03457200154662132,0,0.2754580080509186,0.016621999442577362,0.9611690044403076,0,0,0.3094879984855652,0,1,0.8925210237503052,-0.220318004488945,-0.39353200793266296,0,0.09634599834680557,0.9455599784851074,-0.31085899472236633,0,0.4405960142612457,0.2395319938659668,0.8651589751243591,0,0,0.15292400121688843,-0.0011180000146850944,1,0.3515250086784363,0.027612000703811646,-0.9357709884643555,0,0.8645880222320557,-0.3929370045661926,0.3131909966468811,0,-0.35905200242996216,-0.9191510081291199,-0.16200000047683716,0,0.10886099934577942,0.27235299348831177,-0.0016169999726116657,1,0.9344210028648376,0.32851600646972656,0.13760200142860413,0,-0.3478020131587982,0.9248740077018738,0.15375900268554688,0,-0.07675199955701828,-0.19153399765491486,0.9784799814224243,0,0,0.2262520045042038,0,1,0.7299330234527588,0.6062309741973877,-0.3157249987125397,0,-0.5988590121269226,0.7898769974708557,0.13214300572872162,0,0.32949298620224,0.09261900186538696,0.9396039843559265,0,0,0.560837984085083,0,1,0.9893839955329895,0.06280799955129623,-0.13105100393295288,0,-0.10293400287628174,0.9394450187683105,-0.3268750011920929,0,0.10258500277996063,0.3368940055370331,0.9359369874000549,0,0,0.4560370147228241,0,1,0.7868790030479431,0.5656710267066956,-0.24665400385856628,0,-0.5120900273323059,0.8215839862823486,0.2505260109901428,0,0.3443619906902313,-0.07082399725914001,0.936161994934082,0,-0.08322200179100037,0.06543400138616562,0,1,0.9617040157318115,-0.04831700026988983,0.2697969973087311,0,0.04526799917221069,0.9988210201263428,0.01751299947500229,0,-0.2703250050544739,-0.004629000090062618,0.9627580046653748,0,-0.006360999774187803,0.08445300161838531,0,1,0.9845669865608215,-0.1749420017004013,-0.004739999771118164,0,0.17473700642585754,0.9841949939727783,-0.028748000040650368,0,0.009693999774754047,0.027476999908685684,0.9995750188827515,0,0.00915099959820509,0.09665299952030182,0,1,0.969963014125824,-0.10932499915361404,-0.21730099618434906,0,0.07959800213575363,0.9867830276489258,-0.1411529928445816,0,0.22986100614070892,0.11961700022220612,0.965844988822937,0,0,0.11323200166225433,0.0015119999879971147,1,0.9977260231971741,0.06344500184059143,0.02275099977850914,0,-0.06623400002717972,0.8603829741477966,0.505325973033905,0,0.01248599961400032,-0.5056840181350708,0.8626279830932617,0,0.003246000036597252,0.15143999457359314,0,1,0.9896669983863831,0.13913899660110474,0.034623999148607254,0,-0.13666200637817383,0.8422979712486267,0.5213990211486816,0,0.04338400065898895,-0.5207440257072449,0.8526099920272827,0,-0.003218000056222081,0.11913099884986877,0,1,0.05826300010085106,0.016265999525785446,0.9981690049171448,0,-0.8732560276985168,-0.4836939871311188,0.05885399878025055,0,0.48376598954200745,-0.8750860095024109,-0.013976999558508396,0,-0.10886099934577942,0.2723180055618286,0.0001939999929163605,1,0.43880099058151245,0.2821260094642639,-0.8531460165977478,0,0.4150960147380829,0.7784199714660645,0.47091200947761536,0,0.7969620227813721,-0.560774028301239,0.22446200251579285,0,0,0.2262520045042038,0,1,-0.4189870059490204,-0.8960549831390381,0.14674599468708038,0,0.7194390296936035,-0.2290170043706894,0.6557120084762573,0,-0.5539469718933105,0.3803099989891052,0.7406129837036133,0,0,0.5606709718704224,0,1,0.9244880080223083,-0.20228099822998047,0.3231169879436493,0,0.2675580084323883,0.9480640292167664,-0.17201000452041626,0,-0.2715409994125366,0.24547399580478668,0.9305949807167053,0,0,0.4562090039253235,0,1,0.8251389861106873,-0.47821399569511414,0.30076199769973755,0,0.4318369925022125,0.8771719932556152,0.2099670022726059,0,-0.3642289936542511,-0.04337200149893761,0.9302989840507507,0,0.07626300305128098,0.07689099758863449,0,1,0.9665979743003845,0.03141599893569946,-0.254364013671875,0,-0.019361000508069992,0.9985740184783936,0.04975799843668938,0,0.25556400418281555,-0.043170999735593796,0.965828001499176,0,0.015768999233841896,0.08518999814987183,0,1,0.9930019974708557,-0.07719799876213074,-0.08937200158834457,0,0.06700699776411057,0.991457998752594,-0.11189399659633636,0,0.09724699705839157,0.10512199997901917,0.9896929860115051,0,0.0038819999899715185,0.09520799666643143,0,1,0.9219130277633667,-0.005295000039041042,0.38736000657081604,0,0.06746099889278412,0.9868230223655701,-0.14706900715827942,0,-0.3814769983291626,0.16171599924564362,0.9101229906082153,0,0,0.11284700036048889,0.0026950000319629908,1,0.9999799728393555,-0.0016370000084862113,-0.006068999879062176,0,0.003398000029847026,0.9530090093612671,0.3029240071773529,0,0.005288000218570232,-0.3029389977455139,0.9529950022697449,0,-0.004110999871045351,0.15492799878120422,0,1,0.9917349815368652,-0.12693600356578827,-0.018685000017285347,0,0.12428399920463562,0.914251983165741,0.38561201095581055,0,-0.03186500072479248,-0.3847469985485077,0.9224720001220703,0,0.004586999770253897,0.1223910003900528,0,1,-0.6438180208206177,-0.5386970043182373,0.5434190034866333,0,0.44687798619270325,0.3117760121822357,0.8385080099105835,0,-0.6211270093917847,0.7826880216598511,0.040004000067710876,0,0.187049001455307,-0.11460500210523605,-0.0032820000778883696,1,0.699042022228241,-0.3065969944000244,0.6460180282592773,0,0.5976560115814209,-0.24552200734615326,-0.76323401927948,0,0.39261698722839355,0.9196289777755737,0.011609000153839588,0,0,0.5946940183639526,0,1,0.99897700548172,0.016573000699281693,0.042072001844644547,0,-0.04520900174975395,0.3851979970932007,0.9217259883880615,0,-0.0009299999801442027,-0.9226850271224976,0.3855530023574829,0,0,0.5307940244674683,0,1,0.9999390244483948,0.009499999694526196,0.0055599999614059925,0,-0.010910999961197376,0.7886559963226318,0.6147379875183105,0,0.0014550000196322799,-0.6147609949111938,0.7887120246887207,0,0,0.36083701252937317,0,1,-0.8737499713897705,0.45316100120544434,-0.1766519993543625,0,-0.23589299619197845,-0.07720699906349182,0.9687070250511169,0,0.42534101009368896,0.8880789875984192,0.17435699701309204,0,-0.187049001455307,-0.11460500210523605,0.0013620000099763274,1,0.9596440196037292,0.19422000646591187,-0.20337800681591034,0,0.005140000022947788,-0.7351930141448975,-0.6778380274772644,0,-0.2811720073223114,0.6494380235671997,-0.7065219879150391,0,0,0.5951849818229675,0,1,0.9699220061302185,0.21332800388336182,-0.11723099648952484,0,0.15042200684547424,-0.1466369926929474,0.9776859879493713,0,0.19137799739837646,-0.9659129977226257,-0.17431600391864777,0,0,0.5309349894523621,0,1,0.9822059869766235,0.09680899977684021,-0.16093599796295166,0,0.11331299692392349,0.37790799140930176,0.9188830256462097,0,0.14977499842643738,-0.9207680225372314,0.3602139949798584,0,0,0.3575519919395447,0,1
K0.033,0.8842800259590149,0.04735499247908592,0.4645499885082245,0,-0.20310600101947784,0.9348139762878418,0.2913239896297455,0,-0.42047199606895447,-0.3519650101661682,0.8362560272216797,0,0.00380500010214746,0.8234279751777649,0.015233001671731472,1,0.9991329908370972,-0.01284998282790184,0.039611004292964935,0,0.008386983536183834,0.9938039779663086,0.11083196848630905,0,-0.040790002793073654,-0.11040396988391876,0.9930490255355835,0,0,0.20628799498081207,-0.003951000049710274,1,0.9944919943809509,-0.056914009153842926,0.08800899982452393,0,0.05505000799894333,0.9982079863548279,0.023476002737879753,0,-0.08918800204992294,-0.018502002581954002,0.9958429932594299,0,0,0.2407130002975464,0,1,0.9944980144500732,-0.05703501030802727,0.08787299692630768,0,0.055079009383916855,0.9981809854507446,0.024517007172107697,0,-0.08911100029945374,-0.019543007016181946,0.9958299994468689,0,0,0.2751010060310364,0,1,0.9439979791641235,0.18182098865509033,-0.27533602714538574,0,-0.17892098426818848,0.9832109808921814,0.03583701327443123,0,0.27722904086112976,0.015432987362146378,0.9606800079345703,0,0,0.3094879984855652,0,1,0.8930169939994812,-0.21947097778320312,-0.39287900924682617,0,0.09545299410820007,0.9455289840698242,-0.31122899055480957,0,0.4397839903831482,0.240431010723114,0.8653219938278198,0,0,0.15292400121688843,-0.0011180000146850944,1,0.3502579927444458,0.026697993278503418,-0.9362729787826538,0,0.8649899959564209,-0.39268699288368225,0.31239399313926697,0,-0.3593220114707947,-0.919284999370575,-0.16063497960567474,0,0.10886099934577942,0.27235299348831177,-0.0016169999726116657,1,0.9336850047111511,0.3313870429992676,0.135702982544899,0,-0.35051703453063965,0.9233109951019287,0.15695403516292572,0,-0.07328397780656815,-0.19411203265190125,0.9782379865646362,0,0,0.2262520045042038,0,1,0.7353620529174805,0.6016219258308411,-0.31192097067832947,0,-0.5942439436912537,0.7937180399894714,0.12994898855686188,0,0.3257569670677185,0.08979698270559311,0.9411789774894714,0,0,0.560837984085083,0,1,0.9881970286369324,0.06966505944728851,-0.13642804324626923,0,-0.11132807284593582,0.9383670091629028,-0.32722100615501404,0,0.10522402077913284,0.338547021150589,0.9350469708442688,0,0,0.4560370147228241,0,1,0.7868800163269043,0.5656700134277344,-0.24665400385856628,0,-0.5120900273323059,0.8215849995613098,0.25052401423454285,0,0.34436100721359253,-0.07082399725914001,0.936161994934082,0,-0.08322200179100037,0.06543400138616562,0,1,0.9616720080375671,-0.0485210083425045,0.26987600326538086,0,0.04548600688576698,0.9988120198249817,0.017494000494480133,0,-0.27040401101112366,-0.004547998309135437,0.9627360105514526,0,-0.006360999774187803,0.08445300161838531,0,1,0.9844909906387329,-0.1753760129213333,-0.004550994839519262,0,0.1751750111579895,0.9841139912605286,-0.028883004561066628,0,0.009543996304273605,0.02763800323009491,0.9995719790458679,0,0.00915099959820509,0.09665299952030182,0,1,0.9699699878692627,-0.10923200100660324,-0.21731600165367126,0,0.0796080008149147,0.9868460297584534,-0.14070498943328857,0,0.22982700169086456,0.11917898803949356,0.9659069776535034,0,0,0.11323200166225433,0.0015119999879971147,1,0.9977160096168518,0.0635870024561882,0.022798001766204834,0,-0.06637299805879593,0.8600479960441589,0.5058770179748535,0,0.012560001574456692,-0.5062350034713745,0.8623039722442627,0,0.003246000036597252,0.15143999457359314,0,1,0.9896500110626221,0.13924799859523773,0.034690000116825104,0,-0.13676400482654572,0.8419820070266724,0.5218830108642578,0,0.043463002890348434,-0.5212259888648987,0.8523110151290894,0,-0.003218000056222081,0.11913099884986877,0,1,0.05778399854898453,0.017128009349107742,0.9981819987297058,0,-0.873403012752533,-0.4834280014038086,0.05885600298643112,0,0.4835579991340637,-0.875216007232666,-0.012974991463124752,0,-0.10886099934577942,0.2723180055618286,0.0001939999929163605,1,0.44539502263069153,0.2852500081062317,-0.8486790060997009,0,0.41545000672340393,0.773822009563446,0.4781220257282257,0,0.7931110262870789,-0.5655369758605957,0.22614900767803192,0,0,0.2262520045042038,0,1,-0.42759808897972107,-0.8923319578170776,0.14458398520946503,0,0.714259922504425,-0.23547805845737457,0.6590770483016968,0,-0.5540689826011658,0.38509002327919006,0.7380470037460327,0,0,0.5606709718704224,0,1,0.9240130186080933,-0.19099688529968262,0.3312400281429291,0,0.2534148097038269,0.9546200633049011,-0.15646882355213165,0,-0.2863231301307678,0.22851979732513428,0.9304829835891724,0,0,0.4562090039253235,0,1,0.8244919776916504,-0.4801860451698303,0.29938995838165283,0,0.43380704522132874,0.8760799765586853,0.2104630172252655,0,-0.3633509576320648,-0.04364800825715065,0.9306290149688721,0,0.07626300305128098,0.07689099758863449,0,1,0.9662160277366638,0.03466608747839928,-0.25539201498031616,0,-0.022678086534142494,0.9985049962997437,0.04973899945616722,0,0.25673502683639526,-0.042266976088285446,0.9655569791793823,0,0.015768999233841896,0.08518999814987183,0,1,0.9930899739265442,-0.07480794191360474,-0.09041702747344971,0,0.06445593386888504,0.9915649890899658,-0.11244901269674301,0,0.09806602448225021,0.10584402084350586,0.9895349740982056,0,0.0038819999899715185,0.09520799666643143,0,1,0.9222630262374878,-0.005088994279503822,0.38652998208999634,0,0.0670049861073494,0.9868819713592529,-0.14687900245189667,0,-0.38071197271347046,0.1613599807024002,0.910506010055542,0,0,0.11284700036048889,0.0026950000319629908,1,0.9999790191650391,-0.0022950172424316406,-0.0061270021833479404,0,0.004058017395436764,0.9521480202674866,0.3056110739707947,0,0.00513299647718668,-0.30562904477119446,0.9521369934082031,0,-0.004110999871045351,0.15492799878120422,0,1,0.9916840195655823,-0.12731201946735382,-0.018807003274559975,0,0.12462500482797623,0.9135640263557434,0.3871310353279114,0,-0.03210500627756119,-0.38625603914260864,0.9218329787254333,0,0.004586999770253897,0.1223910003900528,0,1,-0.6443009972572327,-0.5391449928283691,0.5424010157585144,0,0.4470190107822418,0.30996596813201904,0.8391039967536926,0,-0.620523989200592,0.7830989956855774,0.04129701852798462,0,0.187049001455307,-0.11460500210523605,-0.0032820000778883696,1,0.6992980241775513,-0.3069570064544678,0.6455699801445007,0,0.5982599854469299,-0.24296997487545013,-0.7635779976844788,0,0.3912389576435089,0.9201869964599609,0.013731013052165508,0,0,0.5946940183639526,0,1,0.9989539980888367,0.016805002465844154,0.04252798855304718,0,-0.04571899026632309,0.3851639926433563,0.9217150211334229,0,-0.0008909943280741572,-0.922694981098175,0.3855290114879608,0,0,0.5307940244674683,0,1,0.9999390244483948,0.009465999901294708,0.005607999861240387,0,-0.01091300044208765,0.788644015789032,0.614753007888794,0,0.0013969999272376299,-0.6147770285606384,0.7886999845504761,0,0,0.36083701252937317,0,1,-0.8757320046424866,0.4498879611492157,-0.17519497871398926,0,-0.23427797853946686,-0.07869701832532883,0.968979001045227,0,0.42214497923851013,0.889611005783081,0.17431600391864777,0,-0.187049001455307,-0.11460500210523605,0.0013620000099763274,1,0.952360987663269,0.21185798943042755,-0.21937397122383118,0,0.006417999044060707,-0.7330859899520874,-0.6801049709320068,0,-0.3049059808254242,0.646297037601471,-0.6995229721069336,0,0,0.5951849818229675,0,1,0.9659000039100647,0.21442799270153046,-0.14511500298976898,0,0.17848199605941772,-0.14539998769760132,0.9731410145759583,0,0.1875690072774887,-0.9658570289611816,-0.17871399223804474,0,0,0.5309349894523621,0,1,0.9822180271148682,0.09674499928951263,-0.16089700162410736,0,0.11323300004005432,0.37832000851631165,0.9187229871749878,0,0.14975300431251526,-0.9206050038337708,0.36063799262046814,0,0,0.3575519919395447,0,1
K0.067,0.8840759992599487,0.04662800580263138,0.4650120139122009,0,-0.2030860036611557,0.934482991695404,0.292400985956192,0,-0.4209110140800476,-0.35294198989868164,0.835623025894165,0,0.0037960000336170197,0.8254560232162476,0.015393998473882675,1,0.9991350173950195,-0.011129016987979412,0.04007599502801895,0,0.006739016156643629,0.9941229820251465,0.10805103182792664,0,-0.0410429947078228,-0.10768702626228333,0.9933369755744934,0,0,0.20628799498081207,-0.003951000049710274,1,0.9944130182266235,-0.05783599242568016,0.08830799907445908,0,0.0559459924697876,0.9981520175933838,0.02373099885880947,0,-0.08951699733734131,-0.018657997250556946,0.9958099722862244,0,0,0.2407130002975464,0,1,0.994422972202301,-0.05804798752069473,0.08805699646472931,0,0.056023988872766495,0.998108983039856,0.025287993252277374,0,-0.08935900032520294,-0.02021399326622486,0.9957939982414246,0,0,0.2751010060310364,0,1,0.9436690211296082,0.18105600774288177,-0.2769619822502136,0,-0.17775101959705353,0.9833719730377197,0.03721298649907112,0,0.27909398078918457,0.014113012701272964,0.9601600170135498,0,0,0.3094879984855652,0,1,0.8934149742126465,-0.2186790108680725,-0.39241600036621094,0,0.09437400847673416,0.9453930258750916,-0.3119699954986572,0,0.4392080008983612,0.24168498814105988,0.8652660250663757,0,0,0.15292400121688843,-0.0011180000146850944,1,0.3489820063114166,0.025880007073283195,-0.9367719888687134,0,0.8655530214309692,-0.39205899834632874,0.31161999702453613,0,-0.3592050075531006,-0.9195759892463684,-0.15922202169895172,0,0.10886099934577942,0.27235299348831177,-0.0016169999726116657,1,0.932906985282898,0.3339119553565979,0.13485901057720184,0,-0.3531089723110199,0.9217090010643005,0.16052097082138062,0,-0.07070102542638779,-0.1973709762096405,0.9777759909629822,0,0,0.2262520045042038,0,1,0.7395549416542053,0.5975590348243713,-0.3098100423812866,0,-0.5902870893478394,0.7969649434089661,0.12809202075004578,0,0.32345104217529297,0.08814501762390137,0.942130982875824,0,0,0.560837984085083,0,1,0.9871349930763245,0.07537394016981125,-0.14100494980812073,0,-0.11842093616724014,0.9372079968452454,-0.32805100083351135,0,0.10742497444152832,0.3405289649963379,0.9340770244598389,0,0,0.4560370147228241,0,1,0.7868800163269043,0.5656690001487732,-0.24665400385856628,0,-0.5120890140533447,0.8215849995613098,0.25052401423454285,0,0.34436100721359253,-0.07082399725914001,0.936161994934082,0,-0.08322200179100037,0.06543400138616562,0,1,0.9615899920463562,-0.049084991216659546,0.2700650095939636,0,0.046077992767095566,0.9987850189208984,0.017464999109506607,0,-0.2705940008163452,-0.00435000192373991,0.9626839756965637,0,-0.006360999774187803,0.08445300161838531,0,1,0.9842820167541504,-0.17655698955059052,-0.004037004895508289,0,0.17636798322200775,0.9838910102844238,-0.02919299714267254,0,0.009126003831624985,0.028021996840834618,0.9995660185813904,0,0.00915099959820509,0.09665299952030182,0,1,0.9699959754943848,-0.10896199941635132,-0.2173359990119934,0,0.07962000370025635,0.9870169758796692,-0.13949301838874817,0,0.22971400618553162,0.11800301820039749,0.966077983379364,0,0,0.11323200166225433,0.0015119999879971147,1,0.9976890087127686,0.06394799798727036,0.02294299751520157,0,-0.06673499941825867,0.8591390252113342,0.5073729753494263,0,0.012733997777104378,-0.5077319741249084,0.8614209890365601,0,0.003246000036597252,0.15143999457359314,0,1,0.9896029829978943,0.13953499495983124,0.034869998693466187,0,-0.13703499734401703,0.8411239981651306,0.5231940150260925,0,0.04367399588227272,-0.5225319862365723,0.8514999747276306,0,-0.003218000056222081,0.11913099884986877,0,1,0.05767799913883209,0.01802499033510685,0.9981729984283447,0,-0.8737409710884094,-0.4827750027179718,0.05920599773526192,0,0.4829599857330322,-0.8755589723587036,-0.012097008526325226,0,-0.10886099934577942,0.2723180055618286,0.0001939999929163605,1,0.4488629698753357,0.28651800751686096,-0.8464210033416748,0,0.4161500036716461,0.7711970210075378,0.4817409813404083,0,0.790785014629364,-0.5684739947319031,0.2269269824028015,0,0,0.2262520045042038,0,1,-0.4355139136314392,-0.8888240456581116,0.14254900813102722,0,0.709411084651947,-0.2414059340953827,0.6621629595756531,0,-0.5541340112686157,0.3895069658756256,0.7356770038604736,0,0,0.5606709718704224,0,1,0.9248729944229126,-0.1793031245470047,0.335349977016449,0,0.2369251698255539,0.9614839553833008,-0.13934116065502167,0,-0.29744988679885864,0.20832619071006775,0.9317319989204407,0,0,0.4562090039253235,0,1,0.8228139877319336,-0.4852239489555359,0.2958640158176422,0,0.438838928937912,0.8732630014419556,0.21173597872257233,0,-0.3611060380935669,-0.044381991028785706,0.9314680099487305,0,0.07626300305128098,0.07689099758863449,0,1,0.9651769995689392,0.04305991902947426,-0.2580309808254242,0,-0.03125991299748421,0.9982770085334778,0.04966200143098831,0,0.259723961353302,-0.03986702114343643,0.9648590087890625,0,0.015768999233841896,0.08518999814987183,0,1,0.993287980556488,-0.06859005987644196,-0.09313596785068512,0,0.05781106650829315,0.991811990737915,-0.1138719841837883,0,0.10018397867679596,0.10772297531366348,0.9891200065612793,0,0.0038819999899715185,0.09520799666643143,0,1,0.9231770038604736,-0.004548005759716034,0.3843480348587036,0,0.06580701470375061,0.9870370030403137,-0.14638200402259827,0,-0.37870001792907715,0.16042901575565338,0.9115089774131775,0,0,0.11284700036048889,0.0026950000319629908,1,0.9999719858169556,-0.004006982780992985,-0.006343997549265623,0,0.005789982620626688,0.949836015701294,0.3126949369907379,0,0.00477200374007225,-0.31272295117378235,0.949832022190094,0,-0.004110999871045351,0.15492799878120422,0,1,0.9915570020675659,-0.12824398279190063,-0.019189996644854546,0,0.1254889816045761,0.9117259979248047,0.3911619782447815,0,-0.032667990773916245,-0.3902669847011566,0.9201220273971558,0,0.004586999770253897,0.1223910003900528,0,1,-0.6445059776306152,-0.5398539900779724,0.5414519906044006,0,0.4474399983882904,0.3079340159893036,0.8396270275115967,0,-0.6200069785118103,0.783411979675293,0.043086979538202286,0,0.187049001455307,-0.11460500210523605,-0.0032820000778883696,1,0.7001969814300537,-0.30577901005744934,0.6451539993286133,0,0.599012017250061,-0.24007202684879303,-0.7639039754867554,0,0.38847002387046814,0.9213380217552185,0.015067987143993378,0,0,0.5946940183639526,0,1,0.9989989995956421,0.016934998333454132,0.041404012590646744,0,-0.04473201185464859,0.3849000036716461,0.9218739867210388,0,-0.0003240056394133717,-0.9228029847145081,0.38527199625968933,0,0,0.5307940244674683,0,1,0.9999390244483948,0.009456999599933624,0.005617999937385321,0,-0.01091300044208765,0.7886419892311096,0.6147559881210327,0,0.0013840000610798597,-0.6147800087928772,0.7886970043182373,0,0,0.36083701252937317,0,1,-0.8772709965705872,0.44729503989219666,-0.17413301765918732,0,-0.2332030087709427,-0.08009598404169083,0.9691240191459656,0,0.4195370376110077,0.8907930254936218,0.174576997756958,0,-0.187049001455307,-0.11460500210523605,0.0013620000099763274,1,0.9531580209732056,0.21097801625728607,-0.2167460322380066,0,0.006345001049339771,-0.7303659915924072,-0.6830260157585144,0,-0.30240803956985474,0.6496559381484985,-0.6974930167198181,0,0,0.5951849818229675,0,1,0.9658939838409424,0.21428999304771423,-0.1453540027141571,0,0.17846299707889557,-0.14420001208782196,0.9733229875564575,0,0.18761299550533295,-0.9660670161247253,-0.17752501368522644,0,0,0.5309349894523621,0,1,0.9822549819946289,0.09662599861621857,-0.16074399650096893,0,0.112977996468544,0.37927499413490295,0.9183610081672668,0,0.1497039943933487,-0.9202250242233276,0.361627995967865,0,0,0.3575519919395447,0,1
K0.100,0.8837670087814331,0.04568900167942047,0.4656910002231598,0,-0.20305700600147247,0.9340789914131165,0.29370900988578796,0,-0.4215730130672455,-0.3541319966316223,0.834784984588623,0,0.0037879999727010727,0.8277980089187622,0.01562800072133541,1,0.999144971370697,-0.009425999596714973,0.04024900123476982,0,0.005142000038176775,0.9944329857826233,0.10524299740791321,0,-0.04101699963212013,-0.10494600236415863,0.9936320185661316,0,0,0.20628799498081207,-0.003951000049710274,1,0.9943310022354126,-0.058782998472452164,0.08860400319099426,0,0.05685500055551529,0.9980909824371338,0.02412799932062626,0,-0.08985300362110138,-0.018953999504446983,0.9957749843597412,0,0,0.2407130002975464,0,1,0.9943439960479736,-0.05908700078725815,0.08825600147247314,0,0.056992001831531525,0.9980340003967285,0.02607700042426586,0,-0.08962400257587433,-0.020898999646306038,0.9957559704780579,0,0,0.2751010060310364,0,1,0.9434769749641418,0.1801220029592514,-0.278221994638443,0,-0.17637300491333008,0.983564019203186,0.03866500034928322,0,0.2806139886379242,0.01259199995547533,0.95973801612854,0,0,0.3094879984855652,0,1,0.8936319947242737,-0.21785800158977509,-0.39237698912620544,0,0.09295500069856644,0.9451670050621033,-0.31307798624038696,0,0.4390679895877838,0.24330300092697144,0.8648830056190491,0,0,0.15292400121688843,-0.0011180000146850944,1,0.34770500659942627,0.025150999426841736,-0.937267005443573,0,0.8662649989128113,-0.39107999205589294,0.3108710050582886,0,-0.35872799158096313,-0.9200130105018616,-0.15776799619197845,0,0.10886099934577942,0.27235299348831177,-0.0016169999726116657,1,0.9320129752159119,0.33636799454689026,0.13493600487709045,0,-0.35582199692726135,0.9199900031089783,0.164342999458313,0,-0.0688600018620491,-0.2011840045452118,0.9771299958229065,0,0,0.2262520045042038,0,1,0.7425699830055237,0.59409099817276,-0.3092679977416992,0,-0.5870159864425659,0.7996190190315247,0.1265760064125061,0,0.3224940001964569,0.08755400031805038,0.9425140023231506,0,0,0.560837984085083,0,1,0.9862390160560608,0.0799110010266304,-0.1447329968214035,0,-0.12415999919176102,0.9360520243644714,-0.3292289972305298,0,0.10916800051927567,0.34266799688339233,0.9330919981002808,0,0,0.4560370147228241,0,1,0.7868790030479431,0.5656700134277344,-0.24665400385856628,0,-0.5120900273323059,0.8215849995613098,0.25052499771118164,0,0.3443619906902313,-0.07082299888134003,0.936161994934082,0,-0.08322200179100037,0.06543400138616562,0,1,0.9614620208740234,-0.04998200014233589,0.27035701274871826,0,0.04701999947428703,0.9987419843673706,0.017426999285817146,0,-0.27088800072669983,-0.004042999818921089,0.962602972984314,0,-0.006360999774187803,0.08445300161838531,0,1,0.9839469790458679,-0.17843399941921234,-0.0032110000029206276,0,0.17826199531555176,0.9835349917411804,-0.029673999175429344,0,0.008453000336885452,0.0286250002682209,0.9995539784431458,0,0.00915099959820509,0.09665299952030182,0,1,0.9700369834899902,-0.10853400081396103,-0.21736900508403778,0,0.0796390026807785,0.9872869849205017,-0.13755899667739868,0,0.22953499853610992,0.11612600088119507,0.9663479924201965,0,0,0.11323200166225433,0.0015119999879971147,1,0.9976469874382019,0.06451400369405746,0.02318199910223484,0,-0.06730800122022629,0.8576800227165222,0.5097600221633911,0,0.013004000298678875,-0.5101209878921509,0.8600040078163147,0,0.003246000036597252,0.15143999457359314,0,1,0.9895280003547668,0.1399960070848465,0.03516000136733055,0,-0.13747000694274902,0.8397470116615295,0.5252879858016968,0,0.04401300102472305,-0.524619996547699,0.850197970867157,0,-0.003218000056222081,0.11913099884986877,0,1,0.05810999870300293,0.018928000703454018,0.9981309771537781,0,-0.8743379712104797,-0.4815889894962311,0.06003500148653984,0,0.48182499408721924,-0.8761929869651794,-0.011435000225901604,0,-0.10886099934577942,0.2723180055618286,0.0001939999929163605,1,0.45045599341392517,0.2879689931869507,-0.8450819849967957,0,0.416702002286911,0.7693150043487549,0.484266996383667,0,0.7895879745483398,-0.5702880024909973,0.22654500603675842,0,0,0.2262520045042038,0,1,-0.44198399782180786,-0.8858950138092041,0.14085499942302704,0,0.7053840160369873,-0.2462420016527176,0.6646789908409119,0,-0.5541520118713379,0.3931339979171753,0.7337309718132019,0,0,0.5606709718704224,0,1,0.9257370233535767,-0.1692110002040863,0.33820000290870667,0,0.22125600278377533,0.9676160216331482,-0.12150800228118896,0,-0.30668699741363525,0.1873130053281784,0.933197021484375,0,0,0.4562090039253235,0,1,0.8202509880065918,-0.49269500374794006,0.2905850112438202,0,0.44630101323127747,0.8690090179443359,0.21363100409507751,0,-0.3577759861946106,-0.04554300010204315,0.9326959848403931,0,0.07626300305128098,0.07689099758863449,0,1,0.9634580016136169,0.055697001516819,-0.26200398802757263,0,-0.04419799894094467,0.9977920055389404,0.04958299919962883,0,0.2641870081424713,-0.036191001534461975,0.9637920260429382,0,0.015768999233841896,0.08518999814987183,0,1,0.9934970140457153,-0.059140998870134354,-0.097291000187397,0,0.0476979985833168,0.9921039938926697,-0.11599700152873993,0,0.10338299721479416,0.1106019988656044,0.9884729981422424,0,0.0038819999899715185,0.09520799666643143,0,1,0.9245749711990356,-0.0037090000696480274,0.38098201155662537,0,0.06396599858999252,0.9872699975967407,-0.14562299847602844,0,-0.3755919933319092,0.15900899469852448,0.9130430221557617,0,0,0.11284700036048889,0.0026950000319629908,1,0.9999549984931946,-0.0066720000468194485,-0.006713999900966883,0,0.008485999889671803,0.9461479783058167,0.32362401485443115,0,0.00419300002977252,-0.3236669898033142,0.9461619853973389,0,-0.004110999871045351,0.15492799878120422,0,1,0.9913579821586609,-0.1296820044517517,-0.019809000194072723,0,0.12682700157165527,0.9088330268859863,0.3974139988422394,0,-0.03353400155901909,-0.39649099111557007,0.9174259901046753,0,0.004586999770253897,0.1223910003900528,0,1,-0.6445729732513428,-0.5407450199127197,0.5404809713363647,0,0.4480400085449219,0.3056600093841553,0.8401380181312561,0,-0.6195039749145508,0.7836880087852478,0.04525600001215935,0,0.187049001455307,-0.11460500210523605,-0.0032820000778883696,1,0.7015179991722107,-0.30360299348831177,0.6447470188140869,0,0.5998849868774414,-0.2368369996547699,-0.7642289996147156,0,0.3847219944000244,0.9228940010070801,0.015982000157237053,0,0,0.5946940183639526,0,1,0.9990839958190918,0.01702599972486496,0.039253998547792435,0,-0.04278299957513809,0.3844819962978363,0.9221400022506714,0,0.000607999914791435,-0.9229750037193298,0.38485899567604065,0,0,0.5307940244674683,0,1,0.9999390244483948,0.009464000351727009,0.005609000101685524,0,-0.01091300044208765,0.788644015789032,0.614753007888794,0,0.001395000028423965,-0.6147770285606384,0.7886989712715149,0,0,0.36083701252937317,0,1,-0.8791069984436035,0.44418099522590637,-0.17284199595451355,0,-0.23197400569915771,-0.08195000141859055,0.9692639708518982,0,0.41636401414871216,0.8921809792518616,0.17508099973201752,0,-0.187049001455307,-0.11460500210523605,0.0013620000099763274,1,0.9540870189666748,0.20992499589920044,-0.2136559933423996,0,0.006256000138819218,-0.7271170020103455,-0.6864849925041199,0,-0.2994630038738251,0.6536300182342529,-0.6950470209121704,0,0,0.5951849818229675,0,1,0.9659289717674255,0.21400700509548187,-0.1455399990081787,0,0.17844100296497345,-0.14338800311088562,0.9734470248222351,0,0.18745499849319458,-0.966251015663147,-0.1766899973154068,0,0,0.5309349894523621,0,1,0.9823129773139954,0.0964369997382164,-0.16050300002098083,0,0.11257600039243698,0.3807860016822815,0.9177849888801575,0,0.1496260017156601,-0.9196209907531738,0.36319398880004883,0,0,0.3575519919395447,0,1
