1.300,30,38,41
B0,mixamorig_Hips,-1,0.9196575284004211,-0.21626001596450806,-0.32779574394226074,0,0.0519125871360302,0.8943330645561218,-0.4442997872829437,0,0.38925039768218994,0.3915832042694092,0.833706796169281,0,-0.25408878922462463,0.7861663699150085,-0.736790657043457,1
B1,mixamorig_Spine,0,0.9978659152984619,0.06526725739240646,0.0018936465494334698,0,-0.06456127762794495,0.9819121956825256,0.17799051105976105,0,0.009757542982697487,-0.17773304879665375,0.984030544757843,0,0,0.20628799498081207,-0.003951000049710274,1
B2,mixamorig_Spine1,1,0.9921982884407043,0.12030801177024841,0.032673366367816925,0,-0.1204950213432312,0.8582569360733032,0.49887484312057495,0,0.031976331025362015,-0.49892011284828186,0.8660577535629272,0,0,0.2407130002975464,0,1
B3,mixamorig_Spine2,2,0.992140531539917,0.11774760484695435,0.04234074056148529,0,-0.1231231689453125,0.8583090305328369,0.498142808675766,0,0.022313736379146576,-0.4994415044784546,0.8660606145858765,0,0,0.2751010060310364,0,1
B4,mixamorig_Neck,3,0.9946898221969604,0.1006971225142479,-0.019236015155911446,0,-0.10236921161413193,0.9653487801551819,-0.2397935539484024,0,-0.0055216094478964806,0.24050921201705933,0.9706118106842041,0,0,0.3094879984855652,0,1
B5,mixamorig_Head,4,0.944762647151947,-0.3274599015712738,0.0038063812535256147,0,0.3264256417751312,0.9410295486450195,-0.08212392032146454,0,0.023697620257735252,0.07868120819330215,0.9961187243461609,0,0,0.15292400121688843,-0.0011180000146850944,1
B6,mixamorig_HeadTop_End,5,1,0,0,0,0,1,0,0,0,0,1,0,0,1.1334810256958008,-0.008286000229418278,1
B7,mixamorig_LeftShoulder,3,0.2503873407840729,0.05108777806162834,-0.9667969346046448,0,0.955132007598877,-0.17621548473834991,0.23805467784404755,0,-0.15820245444774628,-0.9830247163772583,-0.09291660785675049,0,0.10886099934577942,0.27235299348831177,-0.0016169999726116657,1
B8,mixamorig_LeftArm,7,0.6791935563087463,0.2745020091533661,0.6805462837219238,0,-0.19992172718048096,0.9614098072052002,-0.1883523017168045,0,-0.7060061693191528,-0.008175279945135117,0.7080709934234619,0,0,0.2262520045042038,0,1
B9,mixamorig_LeftForeArm,8,0.49364015460014343,0.8694989085197449,0.015525521710515022,0,-0.8695068955421448,0.4931790828704834,0.026098884642124176,0,0.01503820065408945,-0.026382669806480408,0.9995388984680176,0,0,0.560837984085083,0,1
B10,mixamorig_LeftHand,9,0.9826851487159729,-0.14150755107402802,0.11959902942180634,0,0.17549343407154083,0.9178954362869263,-0.35587942600250244,0,-0.059421297162771225,0.3707069158554077,0.926837146282196,0,0,0.4560370147228241,0,1
B11,mixamorig_LeftHandThumb1,10,0.8652149438858032,0.4934925436973572,-0.08855385333299637,0,-0.4190017879009247,0.8086946606636047,0.4128226041793823,0,0.27534982562065125,-0.3200794458389282,0.9064934253692627,0,-0.08322200179100037,0.06543400138616562,0,1
B12,mixamorig_LeftHandThumb2,11,0.9887071251869202,0.1496414989233017,-0.0069303144700825214,0,-0.1493491679430008,0.9882585406303406,0.031961411237716675,0,0.011628980748355389,-0.03056541457772255,0.9994648694992065,0,-0.006360999774187803,0.08445300161838531,0,1
B13,mixamorig_LeftHandThumb3,12,0.9878302216529846,-0.15540391206741333,0.006190516520291567,0,0.1555233895778656,0.9867280125617981,-0.046665530651807785,0,0.001142406603321433,0.04706038534641266,0.9988908767700195,0,0.00915099959820509,0.09665299952030182,0,1
B14,mixamorig_LeftHandThumb4,13,1,0,0,0,0,1,0,0,0,0,1,0,-0.0027910000644624233,0.07388699799776077,0,1
B15,mixamorig_LeftHandIndex1,10,0.908494770526886,0.3711220920085907,0.1920628845691681,0,-0.41782644391059875,0.799746036529541,0.43105658888816833,0,0.006374071817845106,-0.4718703627586365,0.8816452026367188,0,0,0.11323200166225433,0.0015119999879971147,1
B16,mixamorig_LeftHandIndex2,15,0.9993849992752075,-0.035023000091314316,-0.0016029999824240804,0,0.03492800146341324,0.9906060099601746,0.13221000134944916,0,-0.00304200011305511,-0.1321839988231659,0.9912199974060059,0,0.003246000036597252,0.15143999457359314,0,1
B17,mixamorig_LeftHandIndex3,16,0.9993618726730347,0.03564155101776123,-0.002471677493304014,0,-0.03528235852718353,0.995437741279602,0.08864866942167282,0,0.005620263516902924,-0.08850560337305069,0.996059775352478,0,-0.003218000056222081,0.11913099884986877,0,1
B18,mixamorig_LeftHandIndex4,17,1,0,0,0,0,1,0,0,0,0,1,0,-0.000028000000384054147,0.09968400001525879,0,1
B19,mixamorig_RightShoulder,3,0.02771308831870556,-0.013525464572012424,0.9995244741439819,0,-0.9479267597198486,-0.3176833987236023,0.021984096616506577,0,0.3172342777252197,-0.9480860233306885,-0.02162165939807892,0,-0.10886099934577942,0.2723180055618286,0.0001939999929163605,1
B20,mixamorig_RightArm,19,0.711932361125946,-0.6549434065818787,0.25278663635253906,0,0.6951363682746887,0.7080127000808716,-0.12323398888111115,0,-0.09842155128717422,0.26353946328163147,0.9595831632614136,0,0,0.2262520045042038,0,1
B21,mixamorig_RightForeArm,20,0.9989278316497803,-0.0462707094848156,-0.0010938654886558652,0,0.046271707862615585,0.998927891254425,0.00093777448637411,0,0.0010491613065823913,-0.0009866401087492704,0.9999989867210388,0,0,0.5606709718704224,0,1
B22,mixamorig_RightHand,21,0.9358861446380615,-0.043628592044115067,-0.3494721055030823,0,0.04337208718061447,0.9989572763442993,-0.008344742469489574,0,0.34953102469444275,-0.007388696074485779,0.9368107318878174,0,0,0.4562090039253235,0,1
B23,mixamorig_RightHandThumb1,22,0.9505597352981567,-0.2814846634864807,0.13113173842430115,0,0.23517097532749176,0.9283124208450317,0.2879638373851776,0,-0.2027895152568817,-0.2428906112909317,0.9486204385757446,0,0.07626300305128098,0.07689099758863449,0,1
B24,mixamorig_RightHandThumb2,23,0.9886749982833862,-0.14991234242916107,0.006862946320325136,0,0.14954033493995667,0.9879929423332214,0.03881843015551567,0,-0.012600027024745941,-0.03735242784023285,0.999222993850708,0,0.015768999233841896,0.08518999814987183,0,1
B25,mixamorig_RightHandThumb3,24,0.9106317758560181,-0.4131052494049072,0.009629645384848118,0,0.41122356057167053,0.9037028551101685,-0.11922574043273926,0,0.040551621466875076,0.11253134161233902,0.9928199052810669,0,0.0038819999899715185,0.09520799666643143,0,1
B26,mixamorig_RightHandThumb4,25,1,0,0,0,0,1,0,0,0,0,1,0,-0.019650999456644058,0.06658300012350082,0,1
B27,mixamorig_RightHandIndex1,22,0.9762012362480164,-0.2148306965827942,-0.026695555076003075,0,0.21632951498031616,0.9633368253707886,0.15783248841762543,0,-0.008057690225541592,-0.15989013016223907,0.9870465397834778,0,0,0.11284700036048889,0.0026950000319629908,1
B28,mixamorig_RightHandIndex2,27,0.9985550045967102,0.05374110862612724,0.000854946207255125,0,-0.053552135825157166,0.9934381246566772,0.10105873644351959,0,0.00458197295665741,-0.10095873475074768,0.9948801398277283,0,-0.004110999871045351,0.15492799878120422,0,1
B29,mixamorig_RightHandIndex3,28,0.9987127184867859,-0.05053851380944252,0.004216774366796017,0,0.050093505531549454,0.9960436224937439,0.07339856773614883,0,-0.007909763604402542,-0.0730937272310257,0.9972928762435913,0,0.004586999770253897,0.1223910003900528,0,1
B30,mixamorig_RightHandIndex4,29,1,0,0,0,0,1,0,0,0,0,1,0,-0.00047599998652003706,0.09364800155162811,0,1
B31,mixamorig_LeftUpLeg,0,-0.9745239019393921,-0.22375087440013885,0.010629725642502308,0,0.06380420178174973,-0.23152682185173035,0.9707205891609192,0,-0.21473287045955658,0.9466678500175476,0.2399149239063263,0,0.187049001455307,-0.11460500210523605,-0.0032820000778883696,1
B32,mixamorig_LeftLeg,31,0.9850897789001465,-0.12300760298967361,0.12026118487119675,0,0.14295871555805206,0.19669778645038605,-0.9699376225471497,0,0.0956416204571724,0.972671627998352,0.2113470435142517,0,0,0.5946940183639526,0,1
B33,mixamorig_LeftFoot,32,0.9809721112251282,0.1405399590730667,0.1334199756383896,0,-0.19098196923732758,0.8190260529518127,0.5409363508224487,0,-0.03332033380866051,-0.5561054944992065,0.8303560614585876,0,0,0.5307940244674683,0,1
B34,mixamorig_LeftToeBase,33,0.9997990727424622,-0.000810244819149375,0.020049449056386948,0,-0.01184209156781435,0.7827852368354797,0.6221798658370972,0,-0.016197985038161278,-0.6222918033599854,0.7826173305511475,0,0,0.36083701252937317,0,1
B35,mixamorig_LeftToe_End,34,1,0,0,0,0,1,0,0,0,0,1,0,0,0.13561199605464935,0,1
B36,mixamorig_RightUpLeg,0,-0.9637893438339233,0.26647138595581055,0.004290917422622442,0,-0.11293868720531464,-0.423111230134964,0.8989761471748352,0,0.24140076339244843,0.8659413456916809,0.4379356801509857,0,-0.187049001455307,-0.11460500210523605,0.0013620000099763274,1
B37,mixamorig_RightLeg,36,0.9903122186660767,-0.13400287926197052,0.03533865138888359,0,0.01937192864716053,-0.11807030439376831,-0.9927763938903809,0,0.13721056282520294,0.9838430881500244,-0.1143273264169693,0,0,0.5951849818229675,0,1
B38,mixamorig_RightFoot,37,0.9778013825416565,0.06353272497653961,-0.19964715838432312,0,0.11912761628627777,0.6150200963020325,0.7791441679000854,0,0.1722244769334793,-0.7856436371803284,0.5938178896903992,0,0,0.5309349894523621,0,1
B39,mixamorig_RightToeBase,38,0.9997851252555847,0.001455566263757646,-0.020655686035752296,0,0.012098496779799461,0.7684971690177917,0.6397368311882019,0,0.016804225742816925,-0.6398493051528931,0.7683141827583313,0,0,0.3575519919395447,0,1
B40,mixamorig_RightToe_End,39,1,0,0,0,0,1,0,0,0,0,1,0,0,0.13513900339603424,0,1
@34,0,1,2,3,4,5,7,8,9,10,11,12,13,15,16,17,19,20,21,22,23,24,25,27,28,29,31,32,33,34,36,37,38,39
K0.000,0.9888060092926025,-0.08920799940824509,-0.11959899961948395,0,0.09067200124263763,0.9958570003509521,0.006845999974757433,0,0.11849299818277359,-0.01761299930512905,0.9927989840507507,0,-0.23180299997329712,1.1379090547561646,-0.35488298535346985,1,0.9972050189971924,0.07406000047922134,-0.009859000332653522,0,-0.07053600251674652,0.9767199754714966,0.2025880068540573,0,0.024632999673485756,-0.20132599771022797,0.9792140126228333,0,0,0.20628799498081207,-0.003951000049710274,1,0.985942006111145,0.16644999384880066,0.014588999561965466,0,-0.14646799862384796,0.8189529776573181,0.5548539757728577,0,0.0804079994559288,-0.5491909980773926,0.831820011138916,0,0,0.2407130002975464,0,1,0.985256016254425,0.16926999390125275,0.024855000898241997,0,-0.15460999310016632,0.8187280297279358,0.5529749989509583,0,0.07325199991464615,-0.5486649870872498,0.8328269720077515,0,0,0.2751010060310364,0,1,0.994940996170044,0.09716299921274185,-0.025537999346852303,0,-0.10043200105428696,0.9683020114898682,-0.22870400547981262,0,0.002506999997422099,0.2301120012998581,0.973160982131958,0,0,0.3094879984855652,0,1,0.9271469712257385,-0.36098599433898926,0.10043100267648697,0,0.3097740113735199,0.8892509937286377,0.336560994386673,0,-0.21080200374126434,-0.2809309959411621,0.936290979385376,0,0,0.15292400121688843,-0.0011180000146850944,1,0.22993400692939758,0.04734800010919571,-0.9720540046691895,0,0.9601849913597107,-0.17387600243091583,0.2186570018529892,0,-0.15866400301456451,-0.9836289882659912,-0.08544299751520157,0,0.10886099934577942,0.27235299348831177,-0.0016169999726116657,1,0.18854999542236328,0.3956890106201172,0.8988209962844849,0,-0.4240129888057709,0.858335018157959,-0.28891798853874207,0,-0.885811984539032,-0.3266359865665436,0.3296160101890564,0,0,0.2262520045042038,0,1,0.41058799624443054,0.9116430282592773,0.018019000068306923,0,-0.9116520285606384,0.41005200147628784,0.02736400067806244,0,0.01755799911916256,-0.027661999687552452,0.9994630217552185,0,0,0.560837984085083,0,1,0.8836069703102112,-0.14359299838542938,0.44566699862480164,0,0.2966670095920563,0.9080770015716553,-0.2956089973449707,0,-0.36225301027297974,0.39341700077056885,0.8449829816818237,0,0,0.4560370147228241,0,1,0.6194999814033508,0.7826020121574402,0.061264000833034515,0,-0.7484210133552551,0.5652899742126465,0.34686198830604553,0,0.23682299256324768,-0.2607319951057434,0.9359130263328552,0,-0.08322200179100037,0.06543400138616562,0,1,0.880961000919342,-0.47291100025177,-0.01621999964118004,0,0.46861299872398376,0.8671709895133972,0.16857099533081055,0,-0.065652996301651,-0.15610499680042267,0.9855560064315796,0,-0.006360999774187803,0.08445300161838531,0,1,0.9672939777374268,-0.2535899877548218,0.00583299994468689,0,0.2535960078239441,0.9673100113868713,-0.0003870000073220581,0,-0.005543999839574099,0.001854000031016767,0.999983012676239,0,0.00915099959820509,0.09665299952030182,0,1,0.8747649788856506,0.421425998210907,0.2391349971294403,0,-0.48451998829841614,0.755611002445221,0.4407860040664673,0,0.005065999925136566,-0.5014500021934509,0.8651720285415649,0,0,0.11323200166225433,0.0015119999879971147,1,0.9993849992752075,-0.035023000091314316,-0.0016029999824240804,0,0.03492800146341324,0.9906060099601746,0.13221000134944916,0,-0.00304200011305511,-0.1321839988231659,0.9912199974060059,0,0.003246000036597252,0.15143999457359314,0,1,0.9993100166320801,0.037057001143693924,-0.0023360000923275948,0,-0.03661999851465225,0.9940140247344971,0.10293199867010117,0,0.006136000156402588,-0.10277500003576279,0.9946860074996948,0,-0.003218000056222081,0.11913099884986877,0,1,-0.07435400038957596,0.022638000547885895,0.9969750046730042,0,-0.9972310066223145,-0.003025999991223216,-0.07430399954319,0,0.00133500003721565,-0.9997389912605286,0.022801000624895096,0,-0.10886099934577942,0.2723180055618286,0.0001939999929163605,1,0.493692010641098,-0.8679159879684448,-0.05467800050973892,0,0.8181520104408264,0.4848580062389374,-0.30909600853919983,0,0.29478099942207336,0.10786300152540207,0.9494580030441284,0,0,0.2262520045042038,0,1,0.9871119856834412,-0.16002799570560455,-0.0013330000219866633,0,0.1600320041179657,0.98710697889328,0.003240999998524785,0,0.0007970000151544809,-0.0034119999036192894,0.9999939799308777,0,0,0.5606709718704224,0,1,0.8867830038070679,0.045643001794815063,-0.4599260091781616,0,-0.1065870001912117,0.9884840250015259,-0.10741399973630905,0,0.44972699880599976,0.1442749947309494,0.8814370036125183,0,0,0.4562090039253235,0,1,0.9056100249290466,-0.413224995136261,0.09547899663448334,0,0.35915499925613403,0.8669520020484924,0.3455449938774109,0,-0.22556300461292267,-0.27863699197769165,0.9335319995880127,0,0.07626300305128098,0.07689099758863449,0,1,0.9999840259552002,0.00002300000051036477,0.005594000220298767,0,-0.00041599999531172216,0.997527003288269,0.07028400152921677,0,-0.005578999873250723,-0.07028499990701675,0.9975110292434692,0,0.015768999233841896,0.08518999814987183,0,1,0.9420139789581299,-0.33511099219322205,-0.017629999667406082,0,0.3333840072154999,0.9405660033226013,-0.06473100185394287,0,0.03827400133013725,0.05510000139474869,0.997747004032135,0,0.0038819999899715185,0.09520799666643143,0,1,0.9505940079689026,-0.3067449927330017,-0.04774099960923195,0,0.31038498878479004,0.9362819790840149,0.16443000733852386,0,-0.0057390001602470875,-0.17112399637699127,0.9852330088615417,0,0,0.11284700036048889,0.0026950000319629908,1,0.9985859990119934,0.05315199866890907,0.0010089999996125698,0,-0.05295500159263611,0.992874026298523,0.10675299912691116,0,0.0046720001846551895,-0.10665500164031982,0.994284987449646,0,-0.004110999871045351,0.15492799878120422,0,1,0.9985319972038269,-0.05403200164437294,0.0037189999129623175,0,0.053325001150369644,0.992825984954834,0.10701800137758255,0,-0.009475000202655792,-0.10666300356388092,0.9942499995231628,0,0.004586999770253897,0.1223910003900528,0,1,-0.9131929874420166,-0.40202298760414124,-0.06676200032234192,0,0.07481099665164948,-0.3264090120792389,0.9422630071640015,0,-0.4006029963493347,0.855472981929779,0.3281500041484833,0,0.187049001455307,-0.11460500210523605,-0.0032820000778883696,1,0.9896730184555054,0.07758300006389618,0.1205350011587143,0,0.10859300196170807,0.14309899508953094,-0.9837329983711243,0,-0.09356900304555893,0.9866629838943481,0.13319699466228485,0,0,0.5946940183639526,0,1,0.9848700165748596,-0.0014230000087991357,0.17328999936580658,0,-0.13199900090694427,0.6417520046234131,0.7554669976234436,0,-0.11228399723768234,-0.766910970211029,0.6318539977073669,0,0,0.5307940244674683,0,1,0.9974870085716248,-0.02640499919652939,0.06574700027704239,0,-0.030706999823451042,0.6751610040664673,0.7370309829711914,0,-0.063850998878479,-0.737197995185852,0.6726539731025696,0,0,0.36083701252937317,0,1,-0.9940279722213745,0.10604000091552734,-0.0257750004529953,0,-0.06983000040054321,-0.43657198548316956,0.8969550132751465,0,0.08386000245809555,0.8933979868888855,0.44137001037597656,0,-0.187049001455307,-0.11460500210523605,0.0013620000099763274,1,0.995622992515564,-0.07568900287151337,0.054822999984025955,0,0.05963699892163277,0.0628729984164238,-0.9962379932403564,0,0.07195799797773361,0.9951469898223877,0.06711100041866302,0,0,0.5951849818229675,0,1,0.9819920063018799,0.052046999335289,-0.18161100149154663,0,0.12645399570465088,0.5331209897994995,0.8365349769592285,0,0.1403599977493286,-0.84443598985672,0.5169389843940735,0,0,0.5309349894523621,0,1,0.9979000091552734,0.018112000077962875,-0.06218999996781349,0,0.03723200038075447,0.6252520084381104,0.7795339822769165,0,0.05300299823284149,-0.7802119851112366,0.6232650279998779,0,0,0.3575519919395447,0,1
K0.033,0.9861389398574829,-0.0960150882601738,-0.13532015681266785,0,0.08972697705030441,0.994615912437439,-0.05184265226125717,0,0.1395692229270935,0.03898162767291069,0.98944491147995,0,-0.23433202505111694,1.1050636768341064,-0.381730318069458,1,0.9976239800453186,0.06824295967817307,-0.009464986622333527,0,-0.06476297229528427,0.9757500290870667,0.20908701419830322,0,0.02350498177111149,-0.2079780101776123,0.9778509736061096,0,0,0.20628799498081207,-0.003951000049710274,1,0.9882490038871765,0.15228790044784546,0.013118001632392406,0,-0.13308091461658478,0.8150330185890198,0.56392502784729,0,0.07518795132637024,-0.5590440630912781,0.8257219791412354,0,0,0.2407130002975464,0,1,0.987663984298706,0.15500089526176453,0.022235004231333733,0,-0.14053590595722198,0.8148170113563538,0.5624260306358337,0,0.06905993819236755,-0.5586130619049072,0.8265489935874939,0,0,0.2751010060310364,0,1,0.9983369708061218,0.053436897695064545,-0.021643029525876045,0,-0.05682690814137459,0.975381076335907,-0.21307885646820068,0,0.009724057279527187,0.21395385265350342,0.9767950773239136,0,0,0.3094879984855652,0,1,0.9641821980476379,-0.26011842489242554,0.051878634840250015,0,0.21505561470985413,0.8811380863189697,0.42112505435943604,0,-0.15525445342063904,-0.39488521218299866,0.9055179953575134,0,0,0.15292400121688843,-0.0011180000146850944,1,0.24387690424919128,0.050135981291532516,-0.9685090184211731,0,0.9578750133514404,-0.1686200350522995,0.23247091472148895,0,-0.15165504813194275,-0.984404981136322,-0.08914697915315628,0,0.10886099934577942,0.27235299348831177,-0.0016169999726116657,1,0.22724638879299164,0.3951660394668579,0.8900578618049622,0,-0.42159026861190796,0.8638039231300354,-0.27587080001831055,0,-0.8778497576713562,-0.3125491142272949,0.3628944456577301,0,0,0.2262520045042038,0,1,0.37279078364372253,0.9277180433273315,0.019153006374835968,0,-0.9277270436286926,0.3722198009490967,0.02784700132906437,0,0.018705004826188087,-0.028150001540780067,0.9994289875030518,0,0,0.560837984085083,0,1,0.9264333844184875,-0.15668390691280365,0.34230291843414307,0,0.2605714797973633,0.9231461882591248,-0.2826727628707886,0,-0.27170512080192566,0.35107147693634033,0.8960604071617126,0,0,0.4560370147228241,0,1,0.6780335903167725,0.7342054843902588,0.034811701625585556,0,-0.6923643350601196,0.6220575571060181,0.36561721563339233,0,0.24678312242031097,-0.2720031440258026,0.9301139116287231,0,-0.08322200179100037,0.06543400138616562,0,1,0.9305654168128967,-0.3660546839237213,-0.007250933907926083,0,0.3631677031517029,0.9203504920005798,0.14513571560382843,0,-0.0464538037776947,-0.13769176602363586,0.9893850684165955,0,-0.006360999774187803,0.08445300161838531,0,1,0.9743330478668213,-0.22501470148563385,0.006540003232657909,0,0.22507770359516144,0.9742730855941772,-0.01148011814802885,0,-0.0037879839073866606,0.01265711523592472,0.9999129772186279,0,0.00915099959820509,0.09665299952030182,0,1,0.8839511275291443,0.40996885299682617,0.22484686970710754,0,-0.4675517976284027,0.7697941064834595,0.43452396988868713,0,0.0050560059025883675,-0.48922592401504517,0.872143030166626,0,0,0.11323200166225433,0.0015119999879971147,1,0.9993849992752075,-0.035023000091314316,-0.0016029999824240804,0,0.03492800146341324,0.9906060099601746,0.13221000134944916,0,-0.00304200011305511,-0.13218499720096588,0.9912199974060059,0,0.003246000036597252,0.15143999457359314,0,1,0.9993199706077576,0.03680599480867386,-0.0023610005155205727,0,-0.036382995545864105,0.994280993938446,0.10040495544672012,0,0.006042998284101486,-0.10025095194578171,0.9949439764022827,0,-0.003218000056222081,0.11913099884986877,0,1,-0.06290292739868164,0.01521296426653862,0.9979040026664734,0,-0.9946469664573669,-0.08309036493301392,-0.0614309199154377,0,0.08198137581348419,-0.9964259266853333,0.020357979461550713,0,-0.10886099934577942,0.2723180055618286,0.0001939999929163605,1,0.4151945412158966,-0.9097251892089844,-0.003815778298303485,0,0.869663417339325,0.39813458919525146,-0.2918442487716675,0,0.26701727509498596,0.1178537905216217,0.9564581513404846,0,0,0.2262520045042038,0,1,0.9875760078430176,-0.15713708102703094,-0.0013240001862868667,0,0.1571410745382309,0.9875710010528564,0.0031820014119148254,0,0.0008069997420534492,-0.0033510015346109867,0.9999939799308777,0,0,0.5606709718704224,0,1,0.9752851128578186,0.021828416734933853,-0.21986916661262512,0,-0.038112375885248184,0.9968119859695435,-0.07009217888116837,0,0.21763820946216583,0.07674006372690201,0.9730080962181091,0,0,0.4562090039253235,0,1,0.9151371717453003,-0.38872355222702026,0.10685016214847565,0,0.3310675621032715,0.8758891820907593,0.35101696848869324,0,-0.23003800213336945,-0.2858540415763855,0.9302530288696289,0,0.07626300305128098,0.07689099758863449,0,1,0.9965449571609497,-0.08285167068243027,0.005780018400400877,0,0.08242767304182053,0.9951649308204651,0.05341485142707825,0,-0.010177032090723515,-0.052753839641809464,0.9985560178756714,0,0.015768999233841896,0.08518999814987183,0,1,0.9323948621749878,-0.36132025718688965,-0.00936890859156847,0,0.35937225818634033,0.9295158982276917,-0.08276917785406113,0,0.03861500695347786,0.07380619645118713,0.99652498960495,0,0.0038819999899715185,0.09520799666643143,0,1,0.9334239363670349,-0.3548450767993927,-0.05295100808143616,0,0.35874009132385254,0.9210939407348633,0.151296004652977,0,-0.004914006683975458,-0.1602189987897873,0.9870690107345581,0,0,0.11284700036048889,0.0026950000319629908,1,0.9985560178756714,0.05370500311255455,0.0008639994775876403,0,-0.05351600423455238,0.9934049844741821,0.10139898210763931,0,0.004586999304592609,-0.101298987865448,0.9948449730873108,0,-0.004110999871045351,0.15492799878120422,0,1,0.9986100196838379,-0.05255699157714844,0.003944001626223326,0,0.05196499079465866,0.9943259954452515,0.09281691908836365,0,-0.008799996227025986,-0.09248291701078415,0.9956750273704529,0,0.004586999770253897,0.1223910003900528,0,1,-0.9147980213165283,-0.397555947303772,-0.07137497514486313,0,0.06501398980617523,-0.319335013628006,0.9454089999198914,0,-0.39864495396614075,0.8602180480957031,0.3179740011692047,0,0.187049001455307,-0.11460500210523605,-0.0032820000778883696,1,0.9908170104026794,0.06903983652591705,0.11625402420759201,0,0.10870406031608582,0.10455073416233063,-0.9885609745979309,0,-0.08040380477905273,0.992120087146759,0.09608575701713562,0,0,0.5946940183639526,0,1,0.9849749803543091,0.013969210907816887,0.1721319854259491,0,-0.13937410712242126,0.6528581380844116,0.7445479035377502,0,-0.10197685658931732,-0.7573518753051758,0.6449950933456421,0,0,0.5307940244674683,0,1,0.9976680278778076,-0.024570001289248466,0.06367098540067673,0,-0.030176978558301926,0.677972137928009,0.7344678640365601,0,-0.06121299788355827,-0.7346768975257874,0.6756501197814941,0,0,0.36083701252937317,0,1,-0.9921069741249084,0.123473159968853,-0.02185293287038803,0,-0.07401101291179657,-0.4359380602836609,0.8969279527664185,0,0.10122016072273254,0.8914669156074524,0.4416351020336151,0,-0.187049001455307,-0.11460500210523605,0.0013620000099763274,1,0.9958879947662354,-0.08006806671619415,0.042375896126031876,0,0.04328485578298569,0.009659556671977043,-0.9990159869194031,0,0.07957908511161804,0.9967430233955383,0.01308554969727993,0,0,0.5951849818229675,0,1,0.9820680022239685,0.05166998133063316,-0.1813099980354309,0,0.12583400309085846,0.5364959836006165,0.8344690203666687,0,0.14038898050785065,-0.8423200249671936,0.5203729867935181,0,0,0.5309349894523621,0,1,0.9979379773139954,0.018051987513899803,-0.061590977013111115,0,0.03654298558831215,0.6290920972824097,0.7764719128608704,0,0.05276297777891159,-0.7771219611167908,0.6271350979804993,0,0,0.3575519919395447,0,1
K0.067,0.9827980399131775,-0.10492291301488876,-0.15198583900928497,0,0.08752401918172836,0.9892710447311401,-0.11697135120630264,0,0.16262876987457275,0.10165737569332123,0.9814360737800598,0,-0.23762497305870056,1.071258306503296,-0.41354766488075256,1,0.9978770017623901,0.0646030381321907,-0.00819301325827837,0,-0.06142803281545639,0.9755780100822449,0.21088898181915283,0,0.021617019549012184,-0.20993798971176147,0.9774760007858276,0,0,0.20628799498081207,-0.003951000049710274,1,0.9897609949111938,0.14211410284042358,0.013264997862279415,0,-0.12453408539295197,0.8144230246543884,0.5667499899864197,0,0.06974004954099655,-0.5625999569892883,0.8237829804420471,0,0,0.2407130002975464,0,1,0.9892780184745789,0.14430010318756104,0.022522997111082077,0,-0.13163909316062927,0.814225971698761,0.5654259324073792,0,0.06325305998325348,-0.5623279213905334,0.824491024017334,0,0,0.2751010060310364,0,1,0.9987509846687317,0.043477099388837814,-0.02461197040975094,0,-0.0475010946393013,0.9790209531784058,-0.19814415276050568,0,0.015480943024158478,0.1990661472082138,0.9798639416694641,0,0,0.3094879984855652,0,1,0.9790889024734497,-0.20283456146717072,0.015572360716760159,0,0.17685237526893616,0.8865019679069519,0.427594929933548,0,-0.10053654760122299,-0.41589978337287903,0.9038360118865967,0,0,0.15292400121688843,-0.0011180000146850944,1,0.23551109433174133,0.048229020088911057,-0.9706739783287048,0,0.95933598279953,-0.17143596708774567,0.22424207627773285,0,-0.15559396147727966,-0.9840139746665955,-0.0866430252790451,0,0.10886099934577942,0.27235299348831177,-0.0016169999726116657,1,0.26669761538505554,0.3992769718170166,0.8771831393241882,0,-0.44717273116111755,0.8575160503387451,-0.2543662190437317,0,-0.8537612557411194,-0.32441389560699463,0.407243549823761,0,0,0.2262520045042038,0,1,0.3531612157821655,0.9353539347648621,0.019741995260119438,0,-0.9353639483451843,0.3525722026824951,0.02807599864900112,0,0.01929999515414238,-0.028380997478961945,0.9994109869003296,0,0,0.560837984085083,0,1,0.9608416557312012,-0.14835509657859802,0.23403707146644592,0,0.20877651870250702,0.9429298043251038,-0.25941523909568787,0,-0.18219588696956635,0.298118531703949,0.9369795918464661,0,0,0.4560370147228241,0,1,0.7348764538764954,0.6781825423240662,0.00506929587572813,0,-0.6271516680717468,0.6766954660415649,0.3856987953186035,0,0.2581438720226288,-0.2866198420524597,0.9226110577583313,0,-0.08322200179100037,0.06543400138616562,0,1,0.9720855951309204,-0.23462630808353424,-0.0006420656573027372,0,0.23309729993343353,0.9654295444488525,0.116666279733181,0,-0.026753196492791176,-0.11355923861265182,0.9931709170341492,0,-0.006360999774187803,0.08445300161838531,0,1,0.9807579517364502,-0.1951092928647995,0.006880996748805046,0,0.1952182948589325,0.9804819226264954,-0.02334088273346424,0,-0.0021920157596468925,0.024235883727669716,0.9997040033340454,0,0.00915099959820509,0.09665299952030182,0,1,0.8939259052276611,0.3955981433391571,0.2107081413269043,0,-0.44817817211151123,0.7829908728599548,0.4313480257987976,0,0.005657993722707033,-0.48002809286117554,0.877234935760498,0,0,0.11323200166225433,0.0015119999879971147,1,0.9993849992752075,-0.035023000091314316,-0.0016029999824240804,0,0.03492800146341324,0.9906060099601746,0.13221000134944916,0,-0.00304200011305511,-0.13218499720096588,0.9912199974060059,0,0.003246000036597252,0.15143999457359314,0,1,0.9993370175361633,0.03633800521492958,-0.0024069994688034058,0,-0.03594100475311279,0.9947630167007446,0.0956820473074913,0,0.005872001871466637,-0.09553204476833344,0.9954090118408203,0,-0.003218000056222081,0.11913099884986877,0,1,-0.05544207617640495,0.011679035611450672,0.9983940124511719,0,-0.9913440346717834,-0.11982463300228119,-0.053648076951503754,0,0.11900563538074493,-0.9927260875701904,0.018221020698547363,0,-0.10886099934577942,0.2723180055618286,0.0001939999929163605,1,0.3692324459552765,-0.9291558265686035,0.018345780670642853,0,0.9086056351661682,0.35677942633628845,-0.21712574362754822,0,0.19519871473312378,0.09683921188116074,0.9759708046913147,0,0,0.2262520045042038,0,1,0.986374020576477,-0.16451191902160645,-0.0013479997869580984,0,0.1645149290561676,0.9863690137863159,0.0033309985883533955,0,0.0007820002501830459,-0.0035079983063042164,0.9999939799308777,0,0,0.5606709718704224,0,1,0.9899919033050537,-0.03649941831827164,-0.1363198310136795,0,0.024618376046419144,0.9958299994468689,-0.08784182369709015,0,0.13895776867866516,0.08360693603754044,0.9867628812789917,0,0,0.4562090039253235,0,1,0.9303427934646606,-0.3454764187335968,0.12291984260082245,0,0.28587543964385986,0.8932708501815796,0.34690403938293457,0,-0.22964799404144287,-0.28759998083114624,0.9298110008239746,0,0.07626300305128098,0.07689099758863449,0,1,0.988671064376831,-0.1499023288488388,0.007661981508135796,0,0.14950533211231232,0.9880150556564331,0.038387149572372437,0,-0.01332496851682663,-0.03680716082453728,0.9992340207099915,0,0.015768999233841896,0.08518999814987183,0,1,0.9220401048660278,-0.387093722820282,-0.00023009083815850317,0,0.3851027190685272,0.9173581004142761,-0.10074782371520996,0,0.039209991693496704,0.09280581027269363,0.9949120283126831,0,0.0038819999899715185,0.09520799666643143,0,1,0.9300390481948853,-0.36351191997528076,-0.05372699350118637,0,0.36741891503334045,0.9177290797233582,0.15091800689697266,0,-0.00555399339646101,-0.16009999811649323,0.9870849847793579,0,0,0.11284700036048889,0.0026950000319629908,1,0.9985460042953491,0.053895995020866394,0.0008130005444400012,0,-0.0537089966237545,0.9935809969902039,0.0995580181479454,0,0.00455800024792552,-0.0994570180773735,0.9950309991836548,0,-0.004110999871045351,0.15492799878120422,0,1,0.9986540079116821,-0.05171700567007065,0.004061998799443245,0,0.05118800699710846,0.9950879812240601,0.08472808450460434,0,-0.0084240036085248,-0.08440608531236649,0.996396005153656,0,0.004586999770253897,0.1223910003900528,0,1,-0.9173640012741089,-0.3919960558414459,-0.0691620260477066,0,0.0646200105547905,-0.3181079924106598,0.9458500146865845,0,-0.39277005195617676,0.8632189631462097,0.3171510100364685,0,0.187049001455307,-0.11460500210523605,-0.0032820000778883696,1,0.9915289878845215,0.05238816514611244,0.11884798109531403,0,0.11459694057703018,0.07780526578426361,-0.9903600215911865,0,-0.06113018840551376,0.9955909252166748,0.0711432471871376,0,0,0.5946940183639526,0,1,0.9847549796104431,0.035004790872335434,0.17039000988006592,0,-0.15029789507389069,0.6643518805503845,0.7321521043777466,0,-0.08757013827562332,-0.7466000914573669,0.65948486328125,0,0,0.5307940244674683,0,1,0.9977499842643738,-0.024828998371958733,0.06227601319551468,0,-0.027866022661328316,0.691265881061554,0.7220631241798401,0,-0.06097700446844101,-0.7221741080284119,0.6890189051628113,0,0,0.36083701252937317,0,1,-0.9901940226554871,0.1388668566942215,-0.015234066173434258,0,-0.07585898786783218,-0.4429149329662323,0.8933490514755249,0,0.11730984598398209,0.885744035243988,0.4491059482097626,0,-0.187049001455307,-0.11460500210523605,0.0013620000099763274,1,0.9957299828529358,-0.08666593581438065,0.031789105385541916,0,0.028877142816781998,-0.03465056046843529,-0.9989820122718811,0,0.0876799151301384,0.9956349730491638,-0.031999554485082626,0,0,0.5951849818229675,0,1,0.9822390079498291,0.04975301772356033,-0.18091799318790436,0,0.12614800035953522,0.538670003414154,0.8330199718475342,0,0.1389010101556778,-0.8410469889640808,0.5228260159492493,0,0,0.5309349894523621,0,1,0.9981039762496948,0.016762012615799904,-0.0592220239341259,0,0.03491801396012306,0.6381528973579407,0.7691170573234558,0,0.05068402364850044,-0.7697270512580872,0.6363579034805298,0,0,0.3575519919395447,0,1
K0.100,0.9767810106277466,-0.12104099988937378,-0.17676900327205658,0,0.08763200044631958,0.9786549806594849,-0.18588900566101074,0,0.19549599289894104,0.1660819947719574,0.9665390253067017,0,-0.24073800444602966,1.0350600481033325,-0.4505000114440918,1,0.9978330135345459,0.06540600210428238,-0.007203999906778336,0,-0.06247200071811676,0.9760249853134155,0.20850099623203278,0,0.020667999982833862,-0.20759999752044678,0.9779959917068481,0,0,0.20628799498081207,-0.003951000049710274,1,0.9899569749832153,0.14071199297904968,0.013643000274896622,0,-0.12381800264120102,0.8164119720458984,0.5640400052070618,0,0.06822799891233444,-0.5600640177726746,0.8256350159645081,0,0,0.2407130002975464,0,1,0.9895380139350891,0.1421480029821396,0.024658000096678734,0,-0.13126599788665771,0.8161810040473938,0.5626879930496216,0,0.059859998524188995,-0.5600379705429077,0.8263019919395447,0,0,0.2751010060310364,0,1,0.9982860088348389,0.05098399892449379,-0.02873300015926361,0,-0.055612001568078995,0.9793440103530884,-0.19440500438213348,0,0.01822800002992153,0.1956699937582016,0.9804999828338623,0,0,0.3094879984855652,0,1,0.9788069725036621,-0.20470699667930603,0.00556500069797039,0,0.1848820000886917,0.8950459957122803,0.4058470129966736,0,-0.08806099742650986,-0.3962169885635376,0.913923978805542,0,0,0.15292400121688843,-0.0011180000146850944,1,0.22156499326229095,0.04530800133943558,-0.9740920066833496,0,0.9603000283241272,-0.18377900123596191,0.20987999439239502,0,-0.16950799524784088,-0.98192298412323,-0.08422800153493881,0,0.10886099934577942,0.27235299348831177,-0.0016169999726116657,1,0.31688401103019714,0.41539499163627625,0.8526620268821716,0,-0.4828619956970215,0.8444250226020813,-0.23193100094795227,0,-0.8163509964942932,-0.33822301030158997,0.46816301345825195,0,0,0.2262520045042038,0,1,0.36045798659324646,0.9325709939002991,0.019523000344634056,0,-0.9325799942016602,0.35987499356269836,0.027992000803351402,0,0.019078999757766724,-0.028296999633312225,0.9994170069694519,0,0,0.560837984085083,0,1,0.9801440238952637,-0.1300390064716339,0.14969000220298767,0,0.1654209941625595,0.9525020122528076,-0.25568699836730957,0,-0.10933099687099457,0.2753719985485077,0.9551010131835938,0,0,0.4560370147228241,0,1,0.7770100235939026,0.6292039752006531,-0.018903998658061028,0,-0.5697929859161377,0.7157719731330872,0.4037399888038635,0,0.2675659954547882,-0.3029389977455139,0.9146779775619507,0,-0.08322200179100037,0.06543400138616562,0,1,0.9924179911613464,-0.12289800494909286,0.0016879999311640859,0,0.12223400920629501,0.988303005695343,0.0911950021982193,0,-0.012876001186668873,-0.09029699862003326,0.9958320260047913,0,-0.006360999774187803,0.08445300161838531,0,1,0.9836570024490356,-0.1799210011959076,0.006881000008434057,0,0.18004700541496277,0.9832069873809814,-0.029796000570058823,0,-0.0014039999805390835,0.03054800070822239,0.9995319843292236,0,0.00915099959820509,0.09665299952030182,0,1,0.9040449857711792,0.3793340027332306,0.19699899852275848,0,-0.4273949861526489,0.7956680059432983,0.4292390048503876,0,0.0060789999552071095,-0.47224798798561096,0.8814449906349182,0,0,0.11323200166225433,0.0015119999879971147,1,0.9993849992752075,-0.035023000091314316,-0.0016029999824240804,0,0.03492800146341324,0.9906060099601746,0.13221000134944916,0,-0.00304200011305511,-0.13218499720096588,0.9912199974060059,0,0.003246000036597252,0.15143999457359314,0,1,0.9993500113487244,0.03596099838614464,-0.0024429999757558107,0,-0.03558500111103058,0.9951339960098267,0.09187600016593933,0,0.005735000129789114,-0.09172900021076202,0.9957669973373413,0,-0.003218000056222081,0.11913099884986877,0,1,-0.048165999352931976,0.010003999806940556,0.9987890124320984,0,-0.9922149777412415,-0.1154559999704361,-0.04669199883937836,0,0.11484900116920471,-0.993261992931366,0.015487000346183777,0,-0.10886099934577942,0.2723180055618286,0.0001939999929163605,1,0.3720960021018982,-0.9277340173721313,0.02922699972987175,0,0.9222189784049988,0.36594998836517334,-0.12487000972032547,0,0.105150006711483,0.07341799885034561,0.9917430281639099,0,0,0.2262520045042038,0,1,0.9858940243721008,-0.16736799478530884,-0.001357999979518354,0,0.16737200319766998,0.9858880043029785,0.0033889999613165855,0,0.000770999991800636,-0.0035689999349415302,0.9999930262565613,0,0,0.5606709718704224,0,1,0.9871389865875244,-0.05035199970006943,-0.15172599256038666,0,0.03934499993920326,0.996429979801178,-0.07469899952411652,0,0.1549450010061264,0.06776800006628036,0.9855960011482239,0,0,0.4562090039253235,0,1,0.9349610209465027,-0.3318459987640381,0.12540499866008759,0,0.27469000220298767,0.9009090065956116,0.33601799607276917,0,-0.22448499500751495,-0.27971699833869934,0.9334700107574463,0,0.07626300305128098,0.07689099758863449,0,1,0.9887610077857971,-0.14932000637054443,0.007460999768227339,0,0.1489260047674179,0.9880890250205994,0.03873699903488159,0,-0.013155999593436718,-0.03719000145792961,0.9992219805717468,0,0.015768999233841896,0.08518999814987183,0,1,0.9205300211906433,-0.3906700015068054,0.0011329998960718513,0,0.38868701457977295,0.915556013584137,-0.10333999991416931,0,0.03933500126004219,0.09556800127029419,0.9946449995040894,0,0.0038819999899715185,0.09520799666643143,0,1,0.9355400204658508,-0.34951499104499817,-0.05103300139307976,0,0.3531680107116699,0.923101007938385,0.15217100083827972,0,-0.006076999939978123,-0.16038499772548676,0.9870359897613525,0,0,0.11284700036048889,0.0026950000319629908,1,0.9985529780387878,0.05376100167632103,0.0008490000036545098,0,-0.053571999073028564,0.993457019329071,0.10086700320243835,0,0.004579000174999237,-0.10076700150966644,0.9948999881744385,0,-0.004110999871045351,0.15492799878120422,0,1,0.9986609816551208,-0.051562000066041946,0.004083000123500824,0,0.05104399845004082,0.9952219724655151,0.08323799818754196,0,-0.008356000296771526,-0.08291800320148468,0.99652099609375,0,0.004586999770253897,0.1223910003900528,0,1,-0.9185709953308105,-0.38944798707962036,-0.06750299781560898,0,0.06574100255966187,-0.31894201040267944,0.9454920291900635,0,-0.3897489905357361,0.8640639781951904,0.318572998046875,0,0.187049001455307,-0.11460500210523605,-0.0032820000778883696,1,0.9918559789657593,0.02538900263607502,0.12480799853801727,0,0.12296900153160095,0.06431200355291367,-0.9903240203857422,0,-0.03316999971866608,0.9976069927215576,0.06066599860787392,0,0,0.5946940183639526,0,1,0.9843710064888,0.05225000157952309,0.16817599534988403,0,-0.1585260033607483,0.6788150072097778,0.7169939875602722,0,-0.07669699937105179,-0.7324479818344116,0.676488995552063,0,0,0.5307940244674683,0,1,0.9978830218315125,-0.02498999983072281,0.06003899872303009,0,-0.02449600026011467,0.7107769846916199,0.7029910087585449,0,-0.060242000967264175,-0.7029730081558228,0.7086600065231323,0,0,0.36083701252937317,0,1,-0.9891210198402405,0.14662900567054749,-0.011826000176370144,0,-0.07791999727487564,-0.45404699444770813,0.8875640034675598,0,0.12477300316095352,0.8788300156593323,0.4605329930782318,0,-0.187049001455307,-0.11460500210523605,0.0013620000099763274,1,0.9946539998054504,-0.09847000241279602,0.03111100010573864,0,0.024071000516414642,-0.07189799845218658,-0.9971209764480591,0,0.10042300075292587,0.9925389885902405,-0.06914400309324265,0,0,0.5951849818229675,0,1,0.9821730256080627,0.05506899952888489,-0.17973099648952484,0,0.12080500274896622,0.5476289987564087,0.8279550075531006,0,0.14402100443840027,-0.8349069952964783,0.5312139987945557,0,0,0.5309349894523621,0,1,0.9979529976844788,0.021553000435233116,-0.06020199880003929,0,0.03099999949336052,0.6603710055351257,0.7502999901771545,0,0.05592700093984604,-0.7506300210952759,0.6583510041236877,0,0,0.3575519919395447,0,1
