1.567,30,47,41
B0,mixamorig_Hips,-1,0.9309146404266357,-0.03241247683763504,0.3637920618057251,0,-0.06076296791434288,0.9684271812438965,0.24176771938800812,0,-0.3601404130458832,-0.24717192351818085,0.8995561599731445,0,0.01291325781494379,1.3346657752990723,0.006833089981228113,1
B1,mixamorig_Spine,0,0.9994737505912781,-0.024771159514784813,-0.020956406369805336,0,0.027742760255932808,0.9873555302619934,0.15607595443725586,0,0.01682514324784279,-0.1565750390291214,0.9875231385231018,0,0,0.20628799498081207,-0.003951000049710274,1
B2,mixamorig_Spine1,1,0.9995966553688049,-0.02424091100692749,-0.01482165977358818,0,0.02595820650458336,0.9912503957748413,0.12941910326480865,0,0.01155513059347868,-0.12975171208381653,0.9914788007736206,0,0,0.2407130002975464,0,1
B3,mixamorig_Spine2,2,0.9995558857917786,-0.024564428254961967,-0.016880398616194725,0,0.026540976017713547,0.9912781715393066,0.1290869265794754,0,0.013561975210905075,-0.12947742640972137,0.991489827632904,0,0,0.2751010060310364,0,1
B4,mixamorig_Neck,3,0.9982685446739197,-0.0346686989068985,-0.04750904068350792,0,0.02807805687189102,0.9907209277153015,-0.13297811150550842,0,0.051678553223609924,0.1314140260219574,0.9899795651435852,0,0,0.3094879984855652,0,1
B5,mixamorig_Head,4,0.9771691560745239,-0.044785019010305405,-0.2076846957206726,0,-0.029609160497784615,0.9392855167388916,-0.3418480455875397,0,0.210382878780365,0.34019333124160767,0.9165152907371521,0,0,0.15292400121688843,-0.0011180000146850944,1
B6,mixamorig_HeadTop_End,5,1,0,0,0,0,1,0,0,0,0,1,0,0,1.1334810256958008,-0.008286000229418278,1
B7,mixamorig_LeftShoulder,3,0.12068471312522888,0.030878720805048943,-0.992210865020752,0,0.8722628355026245,-0.48046883940696716,0.09114192426204681,0,-0.47391194105148315,-0.8764679431915283,-0.08491935580968857,0,0.10886099934577942,0.27235299348831177,-0.0016169999726116657,1
B8,mixamorig_LeftArm,7,0.9034019708633423,0.25755277276039124,0.3428129255771637,0,-0.3891558349132538,0.8281612396240234,0.40334391593933105,0,-0.18003179132938385,-0.49779900908470154,0.8483948707580566,0,0,0.2262520045042038,0,1
B9,mixamorig_LeftForeArm,8,0.024919193238019943,0.999249279499054,0.029593735933303833,0,-0.9992583394050598,0.024030763655900955,0.029993319883942604,0,0.02925984188914299,-0.030319374054670334,0.999111533164978,0,0,0.560837984085083,0,1
B10,mixamorig_LeftHand,9,0.6405184864997864,-0.3923190236091614,-0.6601568460464478,0,0.1830982118844986,0.9128787517547607,-0.36484870314598083,0,0.7457846999168396,0.11282813549041748,0.6565567255020142,0,0,0.4560370147228241,0,1
B11,mixamorig_LeftHandThumb1,10,0.9299593567848206,0.3301346004009247,-0.16181939840316772,0,-0.19250178337097168,0.8121955394744873,0.5507090091705322,0,0.3132376968860626,-0.48098692297935486,0.818861186504364,0,-0.08322200179100037,0.06543400138616562,0,1
B12,mixamorig_LeftHandThumb2,11,0.9634172916412354,-0.15805616974830627,0.2164386808872223,0,0.16009610891342163,0.9870675802230835,0.008190586231648922,0,-0.2149338275194168,0.026760008186101913,0.9762619733810425,0,-0.006360999774187803,0.08445300161838531,0,1
B13,mixamorig_LeftHandThumb3,12,0.9576077461242676,-0.26130446791648865,0.12127207964658737,0,0.26851963996887207,0.9621136784553528,-0.04727066308259964,0,-0.10432536154985428,0.07783129811286926,0.9914930462837219,0,0.00915099959820509,0.09665299952030182,0,1
B14,mixamorig_LeftHandThumb4,13,1,0,0,0,0,1,0,0,0,0,1,0,-0.0027910000644624233,0.07388699799776077,0,1
B15,mixamorig_LeftHandIndex1,10,0.9986982345581055,0.05004175379872322,0.009884841740131378,0,-0.050561435520648956,0.9455660581588745,0.3214777708053589,0,0.006741180084645748,-0.32155972719192505,0.9468657374382019,0,0,0.11323200166225433,0.0015119999879971147,1
B16,mixamorig_LeftHandIndex2,15,0.9999568462371826,-0.009103571996092796,-0.0018472479423508048,0,0.00911735836416483,0.9238221049308777,0.38271212577819824,0,-0.001777264871634543,-0.382712185382843,0.9238652586936951,0,0.003246000036597252,0.15143999457359314,0,1
B17,mixamorig_LeftHandIndex3,16,0.998932421207428,0.046187903732061386,-0.000956819741986692,0,-0.04511365294456482,0.9797415733337402,0.1951172649860382,0,0.00994977168738842,-0.1948663741350174,0.9807791709899902,0,-0.003218000056222081,0.11913099884986877,0,1
B18,mixamorig_LeftHandIndex4,17,1,0,0,0,0,1,0,0,0,0,1,0,-0.000028000000384054147,0.09968400001525879,0,1
B19,mixamorig_RightShoulder,3,0.330814003944397,-0.11050783842802048,0.9372037053108215,0,-0.8345754146575928,-0.49783724546432495,0.23588716983795166,0,0.44050735235214233,-0.8602014780044556,-0.25691837072372437,0,-0.10886099934577942,0.2723180055618286,0.0001939999929163605,1
B20,mixamorig_RightArm,19,0.7437614798545837,-0.589087724685669,-0.3157959580421448,0,0.6479445695877075,0.7514070868492126,0.12439293414354324,0,0.16403719782829285,-0.29719117283821106,0.940606951713562,0,0,0.2262520045042038,0,1
B21,mixamorig_RightForeArm,20,0.04666990414261818,-0.9986881017684937,-0.02037452906370163,0,0.9987110495567322,0.046258315443992615,0.020220909267663956,0,-0.0192518662661314,-0.021291963756084442,0.9995874762535095,0,0,0.5606709718704224,0,1
B22,mixamorig_RightHand,21,0.7053605318069458,0.3843073546886444,0.595620334148407,0,-0.01568210870027542,0.848515510559082,-0.5289254784584045,0,-0.7086672782897949,0.3637441396713257,0.6045332551002502,0,0,0.4562090039253235,0,1
B23,mixamorig_RightHandThumb1,22,0.8935245871543884,-0.4148099720478058,0.17189040780067444,0,0.19621652364730835,0.7050504088401794,0.6814714074134827,0,-0.40387266874313354,-0.5751835703849792,0.711372435092926,0,0.07626300305128098,0.07689099758863449,0,1
B24,mixamorig_RightHandThumb2,23,0.886542022228241,0.4482173025608063,-0.1146506518125534,0,-0.4423946142196655,0.8938087821006775,0.07343257963657379,0,0.13538910448551178,-0.014380182139575481,0.9906879663467407,0,0.015768999233841896,0.08518999814987183,0,1
B25,mixamorig_RightHandThumb3,24,0.991256058216095,-0.09781672805547714,-0.08855816721916199,0,0.09131190180778503,0.9930130839347839,-0.07475047558546066,0,0.09525129944086075,0.06601066142320633,0.993262529373169,0,0.0038819999899715185,0.09520799666643143,0,1
B26,mixamorig_RightHandThumb4,25,1,0,0,0,0,1,0,0,0,0,1,0,-0.019650999456644058,0.06658300012350082,0,1
B27,mixamorig_RightHandIndex1,22,0.9969432950019836,-0.07501745969057083,-0.02180938981473446,0,0.07491990923881531,0.8389230966567993,0.5390680432319641,0,-0.022142846137285233,-0.5390538573265076,0.8419798016548157,0,0,0.11284700036048889,0.0026950000319629908,1
B28,mixamorig_RightHandIndex2,27,0.9992043375968933,0.039723485708236694,0.0035839127376675606,0,-0.03946243226528168,0.971588671207428,0.23336198925971985,0,0.005787678528577089,-0.23331692814826965,0.9723833203315735,0,-0.004110999871045351,0.15492799878120422,0,1
B29,mixamorig_RightHandIndex3,28,0.9984734058380127,-0.05512397363781929,0.0035383915528655052,0,0.0543266162276268,0.9915815591812134,0.11753838509321213,0,-0.009988145902752876,-0.11716654896736145,0.9930621385574341,0,0.004586999770253897,0.1223910003900528,0,1
B30,mixamorig_RightHandIndex4,29,1,0,0,0,0,1,0,0,0,0,1,0,-0.00047599998652003706,0.09364800155162811,0,1
B31,mixamorig_LeftUpLeg,0,-0.9300373792648315,-0.23296774923801422,0.284172922372818,0,0.3673502206802368,-0.6084797382354736,0.7034202218055725,0,0.009041954763233662,0.7585994005203247,0.6514904499053955,0,0.187049001455307,-0.11460500210523605,-0.0032820000778883696,1
B32,mixamorig_LeftLeg,31,0.9947478175163269,-0.05570542439818382,-0.08584850281476974,0,-0.021378813311457634,0.7072266340255737,-0.7066581845283508,0,0.10008254647254944,0.7047841548919678,0.7023212909698486,0,0,0.5946940183639526,0,1
B33,mixamorig_LeftFoot,32,0.9651724100112915,-0.199752539396286,0.16894108057022095,0,-0.03329220786690712,0.5467297434806824,0.8366472125053406,0,-0.2594871520996094,-0.813132643699646,0.5210380554199219,0,0,0.5307940244674683,0,1
B34,mixamorig_LeftToeBase,33,0.9997992515563965,-0.0008021633257158101,0.02001151256263256,0,-0.011821720749139786,0.7829049825668335,0.6220280528068542,0,-0.016166439279913902,-0.6221399307250977,0.7827392220497131,0,0,0.36083701252937317,0,1
B35,mixamorig_LeftToe_End,34,1,0,0,0,0,1,0,0,0,0,1,0,0,0.13561199605464935,0,1
B36,mixamorig_RightUpLeg,0,-0.9373247623443604,0.21953074634075165,-0.2706054151058197,0,-0.3388970196247101,-0.7549380660057068,0.5614318251609802,0,-0.08103609085083008,0.6179508566856384,0.7820225358009338,0,-0.187049001455307,-0.11460500210523605,0.0013620000099763274,1
B37,mixamorig_RightLeg,36,0.9946935176849365,0.0008538673282600939,0.10287776589393616,0,0.07405701279640198,0.688191831111908,-0.7217381000518799,0,-0.07141496241092682,0.7255269289016724,0.6844771504402161,0,0,0.5951849818229675,0,1
B38,mixamorig_RightFoot,37,0.9583176374435425,0.2419622838497162,-0.1519220769405365,0,0.05455872416496277,0.3669741749763489,0.928629457950592,0,0.28044429421424866,-0.8982109427452087,0.33847731351852417,0,0,0.5309349894523621,0,1
B39,mixamorig_RightToeBase,38,0.9999061226844788,0.000035876029869541526,-0.013696898706257343,0,0.008358841761946678,0.79057776927948,0.6123047471046448,0,0.01085075456649065,-0.61236172914505,0.7905029058456421,0,0,0.3575519919395447,0,1
B40,mixamorig_RightToe_End,39,1,0,0,0,0,1,0,0,0,0,1,0,0,0.13513900339603424,0,1
@34,0,1,2,3,4,5,7,8,9,10,11,12,13,15,16,17,19,20,21,22,23,24,25,27,28,29,31,32,33,34,36,37,38,39
K0.000,0.972100019454956,0.0468670018017292,0.22983700037002563,0,0.00547999981790781,0.9750310182571411,-0.22200000286102295,0,-0.23450200259685516,0.21706600487232208,0.9475709795951843,0,-0.055038999766111374,1.3804689645767212,0.0701109990477562,1,0.9981200098991394,0.058396998792886734,-0.018595999106764793,0,-0.05788600072264671,0.9979609847068787,0.02690500020980835,0,0.020129000768065453,-0.025777999311685562,0.9994649887084961,0,0,0.20628799498081207,-0.003951000049710274,1,0.9994779825210571,0.023753000423312187,-0.021879000589251518,0,-0.022942999377846718,0.999068021774292,0.0365619994699955,0,0.0227269995957613,-0.03604099899530411,0.9990919828414917,0,0,0.2407130002975464,0,1,0.9994609951972961,0.023652000352740288,-0.022785000503063202,0,-0.022818999364972115,0.999085009098053,0.03616499900817871,0,0.0236200001090765,-0.03562600165605545,0.9990860223770142,0,0,0.2751010060310364,0,1,0.989549994468689,-0.11515700072050095,-0.08677499741315842,0,0.13678300380706787,0.9401100277900696,0.31222400069236755,0,0.04562300071120262,-0.32082998752593994,0.9460369944572449,0,0,0.3094879984855652,0,1,0.990181028842926,-0.02707199938595295,-0.13714699447155,0,0.09112700074911118,0.868973970413208,0.486395001411438,0,0.10600899904966354,-0.49411699175834656,0.8629080057144165,0,0,0.15292400121688843,-0.0011180000146850944,1,0.1493380069732666,0.043793000280857086,-0.9878159761428833,0,0.8647480010986328,-0.49023500084877014,0.10899899899959564,0,-0.4794889986515045,-0.8704890012741089,-0.11107999831438065,0,0.10886099934577942,0.27235299348831177,-0.0016169999726116657,1,0.7249580025672913,0.6679630279541016,-0.16811099648475647,0,-0.5862929821014404,0.726514995098114,0.358379989862442,0,0.361519992351532,-0.16124799847602844,0.9183149933815002,0,0,0.2262520045042038,0,1,0.44111698865890503,0.8972870111465454,0.01710199937224388,0,-0.8972949981689453,0.4406079947948456,0.02693299949169159,0,0.016630999743938446,-0.027225999161601067,0.9994909763336182,0,0,0.560837984085083,0,1,0.3348880112171173,-0.043692998588085175,-0.9412440061569214,0,0.4061430096626282,0.9080600142478943,0.10235100239515305,0,0.8502339720726013,-0.4165560007095337,0.3218440115451813,0,0,0.4560370147228241,0,1,0.8074899911880493,0.5786550045013428,-0.11453299969434738,0,-0.4593760073184967,0.7386760115623474,0.49328601360321045,0,0.3700459897518158,-0.34571000933647156,0.8622940182685852,0,-0.08322200179100037,0.06543400138616562,0,1,0.990414023399353,-0.06061999872326851,0.12411899864673615,0,0.05845300108194351,0.9980689883232117,0.021033000200986862,0,-0.1251550018787384,-0.01357599999755621,0.9920439720153809,0,-0.006360999774187803,0.08445300161838531,0,1,0.9743660092353821,-0.21287499368190765,0.07276199758052826,0,0.21631599962711334,0.9753689765930176,-0.043157000094652176,0,-0.06178300082683563,0.05778999999165535,0.9964150190353394,0,0.00915099959820509,0.09665299952030182,0,1,0.9990079998970032,0.04404300078749657,0.006552000064402819,0,-0.04425400123000145,0.9657829999923706,0.2555469870567322,0,0.004927000030875206,-0.2555829882621765,0.9667750000953674,0,0,0.11323200166225433,0.0015119999879971147,1,0.9998829960823059,-0.015123000368475914,-0.0023930000606924295,0,0.015076999552547932,0.9451940059661865,0.3261620104312897,0,-0.0026710000820457935,-0.3261590003967285,0.9453110098838806,0,0.003246000036597252,0.15143999457359314,0,1,0.999064028263092,0.043241001665592194,-0.0014979999978095293,0,-0.042399000376462936,0.985319972038269,0.16536900401115417,0,0.0086260000243783,-0.16515100002288818,0.9862310290336609,0,-0.003218000056222081,0.11913099884986877,0,1,0.5278840065002441,-0.14795799553394318,0.836329996585846,0,-0.7768059968948364,-0.4822309911251068,0.4050000011920929,0,0.34338098764419556,-0.8634589910507202,-0.3694959878921509,0,-0.10886099934577942,0.2723180055618286,0.0001939999929163605,1,0.9630860090255737,-0.2222760021686554,0.15185199677944183,0,0.2219640016555786,0.9748650193214417,0.01922300085425377,0,-0.15230800211429596,0.015192000195384026,0.988215982913971,0,0,0.2262520045042038,0,1,0.04192399978637695,-0.9989110231399536,-0.0204709991812706,0,0.9989330172538757,0.041510000824928284,0.020224999636411667,0,-0.019353000447154045,-0.021297000348567963,0.9995859861373901,0,0,0.5606709718704224,0,1,0.7216330170631409,-0.2169090062379837,0.6574159860610962,0,-0.21481400728225708,0.8326079845428467,0.5105090141296387,0,-0.6581029891967773,-0.5096229910850525,0.5542420148849487,0,0,0.4562090039253235,0,1,0.8798480033874512,-0.4752480089664459,0.0024309998843818903,0,0.40456900000572205,0.7516610026359558,0.5208939909934998,0,-0.24938100576400757,-0.45732399821281433,0.8536180257797241,0,0.07626300305128098,0.07689099758863449,0,1,0.8799260258674622,0.4618450105190277,-0.11148799955844879,0,-0.4555470049381256,0.8867790102958679,0.0780939981341362,0,0.1349319964647293,-0.01792900077998638,0.9906929731369019,0,0.015768999233841896,0.08518999814987183,0,1,0.9919729828834534,-0.0903099998831749,-0.08851200342178345,0,0.0840739980340004,0.9938669800758362,-0.0718270018696785,0,0.09445600211620331,0.06380899995565414,0.9934819936752319,0,0.0038819999899715185,0.09520799666643143,0,1,0.9976469874382019,-0.06709200143814087,-0.014088000170886517,0,0.06628599762916565,0.8916159868240356,0.4479149878025055,0,-0.017489999532699585,-0.44779500365257263,0.8939650058746338,0,0,0.11284700036048889,0.0026950000319629908,1,0.998528003692627,0.054237000644207,0.0007220000261440873,0,-0.05405399948358536,0.9938880205154419,0.09625499695539474,0,0.004503000061959028,-0.09615200012922287,0.995356023311615,0,-0.004110999871045351,0.15492799878120422,0,1,0.9988409876823425,-0.047915998846292496,0.004511000122874975,0,0.0476440005004406,0.9977009892463684,0.048200998455286026,0,-0.006810999941080809,-0.047929998487234116,0.9988269805908203,0,0.004586999770253897,0.1223910003900528,0,1,-0.9307399988174438,-0.24094000458717346,0.275081992149353,0,0.2855910062789917,-0.9487529993057251,0.13529899716377258,0,0.22838599979877472,0.20448899269104004,0.9518529772758484,0,0.187049001455307,-0.11460500210523605,-0.0032820000778883696,1,0.9830740094184875,0.026903999969363213,-0.1812240034341812,0,-0.10527800023555756,0.8924940228462219,-0.4386020004749298,0,0.14994099736213684,0.45025700330734253,0.8802189826965332,0,0,0.5946940183639526,0,1,0.9663040041923523,-0.2573919892311096,0.002322999993339181,0,0.14807599782943726,0.56324702501297,0.8129119873046875,0,-0.21054600179195404,-0.7851759791374207,0.5823820233345032,0,0,0.5307940244674683,0,1,0.9998729825019836,0,0.01596600003540516,0,-0.009673000313341618,0.7955909967422485,0.6057569980621338,0,-0.012702000327408314,-0.6058340072631836,0.7954890131950378,0,0,0.36083701252937317,0,1,-0.8717679977416992,0.3832080066204071,-0.3052400052547455,0,-0.3693070113658905,-0.9234089851379395,-0.10453400015830994,0,-0.3219200074672699,0.021598000079393387,0.946520984172821,0,-0.187049001455307,-0.11460500210523605,0.0013620000099763274,1,0.9842309951782227,-0.07079499959945679,0.16210399568080902,0,0.15378199517726898,0.7953159809112549,-0.5863649845123291,0,-0.08741199970245361,0.6020470261573792,0.7936609983444214,0,0,0.5951849818229675,0,1,0.9637830257415771,0.22050300240516663,-0.15000399947166443,0,0.07687900215387344,0.30887600779533386,0.9479900002479553,0,0.2553670108318329,-0.9251890182495117,0.2807370126247406,0,0,0.5309349894523621,0,1,0.9997079968452454,0.0070569999516010284,-0.023124000057578087,0,0.008640999905765057,0.7889770269393921,0.6143620014190674,0,0.022579999640583992,-0.6143820285797119,0.7886850237846375,0,0,0.3575519919395447,0,1
K0.033,0.9706060290336609,0.06226915493607521,0.23248107731342316,0,-0.00015308316505979747,0.9661099314689636,-0.2581321895122528,0,-0.24067512154579163,0.2505091428756714,0.9377209544181824,0,-0.06396008282899857,1.3747398853302002,0.07372897863388062,1,0.9966239929199219,0.0747821107506752,-0.03389512002468109,0,-0.07469212263822556,0.9971989989280701,0.003939842339605093,0,0.03409510850906372,-0.001394828548654914,0.9994180202484131,0,0,0.20628799498081207,-0.003951000049710274,1,0.9987810254096985,0.034633077681064606,-0.035186100751161575,0,-0.033937081694602966,0.9992200136184692,0.02019287645816803,0,0.03585809841752052,-0.018974870443344116,0.9991769790649414,0,0,0.2407130002975464,0,1,0.9987620115280151,0.034570079296827316,-0.035764098167419434,0,-0.03388608247041702,0.9992340207099915,0.019557874649763107,0,0.03641309216618538,-0.018321868032217026,0.9991689920425415,0,0,0.2751010060310364,0,1,0.9918860793113708,-0.10593277215957642,-0.07028882950544357,0,0.11879368871450424,0.9692172408103943,0.21565382182598114,0,0.04528099298477173,-0.22225479781627655,0.9739362001419067,0,0,0.3094879984855652,0,1,0.9858139157295227,-0.06934655457735062,-0.15284714102745056,0,0.11723332107067108,0.9361904263496399,0.3313671350479126,0,0.12011425197124481,-0.3445851802825928,0.9310384392738342,0,0,0.15292400121688843,-0.0011180000146850944,1,0.1636532098054886,0.0425090491771698,-0.9856019616127014,0,0.8644199967384338,-0.487619012594223,0.12250116467475891,0,-0.4753899574279785,-0.8720210194587708,-0.1165461391210556,0,0.10886099934577942,0.27235299348831177,-0.0016169999726116657,1,0.6903689503669739,0.7106481790542603,-0.13553379476070404,0,-0.635734498500824,0.6853336691856384,0.3551878035068512,0,0.3452990651130676,-0.15904758870601654,0.9249171614646912,0,0,0.2262520045042038,0,1,0.5487362742424011,0.8358800411224365,0.013871964067220688,0,-0.8358890414237976,0.54832524061203,0.025089971721172333,0,0.01336596254259348,-0.025362972170114517,0.9995890259742737,0,0,0.560837984085083,0,1,0.26219451427459717,0.02379799820482731,-0.964721143245697,0,0.38479864597320557,0.9142031669616699,0.12713371217250824,0,0.884976327419281,-0.40455758571624756,0.23054160177707672,0,0,0.4560370147228241,0,1,0.7661696672439575,0.6334344148635864,-0.1083739623427391,0,-0.5184195041656494,0.7088786959648132,0.47826087474823,0,0.37977105379104614,-0.31024569272994995,0.8715060353279114,0,-0.08322200179100037,0.06543400138616562,0,1,0.9949460029602051,-0.028078686445951462,0.09640874713659286,0,0.02547868713736534,0.9992809891700745,0.02809007838368416,0,-0.0971287414431572,-0.02549210749566555,0.9949449896812439,0,-0.006360999774187803,0.08445300161838531,0,1,0.9786730408668518,-0.19711585342884064,0.057838860899209976,0,0.19960883259773254,0.9790160655975342,-0.041022978723049164,0,-0.04853887856006622,0.05169294402003288,0.9974830150604248,0,0.00915099959820509,0.09665299952030182,0,1,0.9991850256919861,0.04010595753788948,0.004646983463317156,0,-0.04017495736479759,0.9762540459632874,0.2128695845603943,0,0.003999992739409208,-0.21288257837295532,0.977069079875946,0,0,0.11323200166225433,0.0015119999879971147,1,0.9996230006217957,-0.027337145060300827,-0.0023809801787137985,0,0.027233146131038666,0.9776641726493835,0.20840156078338623,0,-0.0033689888659864664,-0.208387553691864,0.9780401587486267,0,0.003246000036597252,0.15143999457359314,0,1,0.9993039965629578,0.037240929901599884,-0.002316004829481244,0,-0.03679293394088745,0.9938140511512756,0.10478826612234116,0,0.0062049757689237595,-0.10463026911020279,0.9944920539855957,0,-0.003218000056222081,0.11913099884986877,0,1,0.5002675652503967,-0.1423228532075882,0.8540942668914795,0,-0.7878251671791077,-0.4840790033340454,0.380786657333374,0,0.35925421118736267,-0.8633720278739929,-0.35429468750953674,0,-0.10886099934577942,0.2723180055618286,0.0001939999929163605,1,0.9080469608306885,-0.33314862847328186,0.25389358401298523,0,0.3755929172039032,0.9159238934516907,-0.1414654403924942,0,-0.18541772663593292,0.22381804883480072,0.9568307399749756,0,0,0.2262520045042038,0,1,0.3045728802680969,-0.9523674845695496,-0.015152941457927227,0,0.9523895382881165,0.3042728900909424,0.01928297057747841,0,-0.013753938488662243,-0.0203049685806036,0.9996989965438843,0,0,0.5606709718704224,0,1,0.7190956473350525,-0.29797065258026123,0.6277850866317749,0,-0.19621694087982178,0.779578685760498,0.5947734117507935,0,-0.6666333675384521,-0.5508810877799988,0.5021253824234009,0,0,0.4562090039253235,0,1,0.8587847352027893,-0.509881317615509,-0.05008736252784729,0,0.47745856642723083,0.7610369920730591,0.43915224075317383,0,-0.18579746782779694,-0.4010525047779083,0.8970152735710144,0,0.07626300305128098,0.07689099758863449,0,1,0.9050962924957275,0.406817227602005,-0.12369714677333832,0,-0.4025842547416687,0.9135043025016785,0.05862269923090935,0,0.13684703409671783,-0.0032607775647193193,0.9905869960784912,0,0.015768999233841896,0.08518999814987183,0,1,0.9887929558753967,-0.12023741006851196,-0.08849499374628067,0,0.11290939152240753,0.990079939365387,-0.08363016694784164,0,0.09767204523086548,0.07270112633705139,0.9925600290298462,0,0.0038819999899715185,0.09520799666643143,0,1,0.9981819987297058,-0.059715911746025085,-0.008189941756427288,0,0.05856390669941902,0.9287153482437134,0.3661400079727173,0,-0.014257972128689289,-0.3659540116786957,0.9305232763290405,0,0,0.11284700036048889,0.0026950000319629908,1,0.9979779720306396,0.06351600587368011,-0.002254001796245575,0,-0.06350500881671906,0.9979699850082397,0.00477495277300477,0,0.002552998950704932,-0.004621952772140503,0.9999859929084778,0,-0.004110999871045351,0.15492799878120422,0,1,0.9990569949150085,-0.043136946856975555,0.0048780012875795364,0,0.043125949800014496,0.9990670084953308,0.002370518399402499,0,-0.004975982941687107,-0.0021585188806056976,0.9999849796295166,0,0.004586999770253897,0.1223910003900528,0,1,-0.9210919141769409,-0.2540530562400818,0.2950381338596344,0,0.2913780212402344,-0.9524059891700745,0.08955980837345123,0,0.2582431435585022,0.16845986247062683,0.9512789845466614,0,0.187049001455307,-0.11460500210523605,-0.0032820000778883696,1,0.9847040176391602,0.013515873812139034,-0.17371194064617157,0,-0.090382881462574,0.8919819593429565,-0.44294509291648865,0,0.14896099269390106,0.45187005400657654,0.8795589208602905,0,0,0.5946940183639526,0,1,0.9668610095977783,-0.25399497151374817,-0.025798097252845764,0,0.16628405451774597,0.5498419404029846,0.8185500502586365,0,-0.1937219351530075,-0.7957140803337097,0.5738559365272522,0,0,0.5307940244674683,0,1,0.9998729825019836,0,0.01596600003540516,0,-0.009673000313341618,0.7955909967422485,0.6057569980621338,0,-0.012702000327408314,-0.6058350205421448,0.7954890131950378,0,0,0.36083701252937317,0,1,-0.8543158769607544,0.41394320130348206,-0.3143180310726166,0,-0.39190325140953064,-0.9102568626403809,-0.13357894122600555,0,-0.341403990983963,0.009063158184289932,0.9398729801177979,0,-0.187049001455307,-0.11460500210523605,0.0013620000099763274,1,0.9810289740562439,-0.04958883672952652,0.18740910291671753,0,0.15570299327373505,0.7774757146835327,-0.609333336353302,0,-0.11549010127782822,0.6269543766975403,0.7704476714134216,0,0,0.5951849818229675,0,1,0.9652889966964722,0.21518996357917786,-0.1480218917131424,0,0.08681099861860275,0.270172655582428,0.9588901400566101,0,0.24633491039276123,-0.938456118106842,0.2421136498451233,0,0,0.5309349894523621,0,1,0.999908983707428,0.00001599983988853637,-0.013523000292479992,0,0.008258000016212463,0.7911779880523682,0.6115310192108154,0,0.010708999820053577,-0.6115859746932983,0.7911049723625183,0,0,0.3575519919395447,0,1
K0.067,0.967648983001709,0.07779684662818909,0.2400079220533371,0,-0.008464917540550232,0.9607480764389038,-0.27729281783103943,0,-0.25215989351272583,0.2662898600101471,0.9303250312805176,0,-0.07184291630983353,1.3679170608520508,0.07123902440071106,1,0.9952520132064819,0.08579188585281372,-0.045958880335092545,0,-0.08641888201236725,0.9961889982223511,-0.011831843294203281,0,0.04476889595389366,0.015747830271720886,0.9988729953765869,0,0,0.20628799498081207,-0.003951000049710274,1,0.9980739951133728,0.04237192124128342,-0.04530090093612671,0,-0.0420549176633358,0.9990839958190918,0.0079291220754385,0,0.04559490457177162,-0.006008129101246595,0.9989420175552368,0,0,0.2407130002975464,0,1,0.9980639815330505,0.04241692274808884,-0.04548190161585808,0,-0.04213591665029526,0.9990869760513306,0.007110123988240957,0,0.04574190825223923,-0.005180130247026682,0.9989399909973145,0,0,0.2751010060310364,0,1,0.995155930519104,-0.08280923217535019,-0.05298317223787308,0,0.08768830448389053,0.9913567900657654,0.0975811779499054,0,0.04444500803947449,-0.10175419598817825,0.9938158392906189,0,0,0.3094879984855652,0,1,0.978083074092865,-0.12466644495725632,-0.16676686704158783,0,0.14901669323444366,0.9785146117210388,0.14248888194561005,0,0.14541974663734436,-0.1642167866230011,0.9756465554237366,0,0,0.15292400121688843,-0.0011180000146850944,1,0.184773787856102,0.04728095233440399,-0.9816430807113647,0,0.8615099787712097,-0.48844701051712036,0.13863582909107208,0,-0.4729260206222534,-0.8713120222091675,-0.1309848576784134,0,0.10886099934577942,0.27235299348831177,-0.0016169999726116657,1,0.6828070878982544,0.7304538488388062,-0.014538202434778214,0,-0.6851615309715271,0.6471233367919922,0.33434319496154785,0,0.25363093614578247,-0.21833039820194244,0.9423388242721558,0,0,0.2262520045042038,0,1,0.6709488034248352,0.7414329648017883,0.010203036479651928,0,-0.741439938545227,0.6706498265266418,0.022255027666687965,0,0.009658037684857845,-0.0224970281124115,0.9997000098228455,0,0,0.560837984085083,0,1,0.21363447606563568,0.02366800233721733,-0.9766268730163574,0,0.3487253487110138,0.9319958090782166,0.09886928647756577,0,0.9125517010688782,-0.36169642210006714,0.19085238873958588,0,0,0.4560370147228241,0,1,0.728787362575531,0.6766735911369324,-0.1047920361161232,0,-0.5651975274085999,0.6808633208274841,0.46580812335014343,0,0.3865489363670349,-0.280247300863266,0.8786589503288269,0,-0.08322200179100037,0.06543400138616562,0,1,0.9974640011787415,0.0032366886734962463,0.07110525667667389,0,-0.0058076889254152775,0.9993360042572021,0.035982921719551086,0,-0.070941261947155,-0.03630489110946655,0.9968199729919434,0,-0.006360999774187803,0.08445300161838531,0,1,0.9822989106178284,-0.18208615481853485,0.04397813603281975,0,0.1837991625070572,0.98220294713974,-0.03866102173924446,0,-0.03615512326359749,0.04606005549430847,0.9982839822769165,0,0.00915099959820509,0.09665299952030182,0,1,0.9993410110473633,0.036175038665533066,0.0029530166648328304,0,-0.03614804148674011,0.9846579432487488,0.17071141302585602,0,0.0032680071890354156,-0.1707054227590561,0.9853169322013855,0,0,0.11323200166225433,0.0015119999879971147,1,0.9991260170936584,-0.04179185628890991,-0.00041301955934613943,0,0.04173285514116287,0.9970928430557251,0.06375043839216232,0,-0.0022520110942423344,-0.06371244043111801,0.9979658126831055,0,0.003246000036597252,0.15143999457359314,0,1,0.9995449781417847,0.030018072575330734,-0.0028119951020926237,0,-0.029913069680333138,0.9990439414978027,0.031888723373413086,0,0.003766024252399802,-0.03179072216153145,0.9994869232177734,0,-0.003218000056222081,0.11913099884986877,0,1,0.458145409822464,-0.12776914238929749,0.8796467781066895,0,-0.8033168315887451,-0.4831460118293762,0.3482133150100708,0,0.3805067837238312,-0.8661670088768005,-0.3239902853965759,0,-0.10886099934577942,0.2723180055618286,0.0001939999929163605,1,0.8083119988441467,-0.49836236238479614,0.3134744167327881,0,0.5668590664863586,0.8026161193847656,-0.1856795698404312,0,-0.15906426310539246,0.3277829587459564,0.9312662482261658,0,0,0.2262520045042038,0,1,0.5946951508522034,-0.803897500038147,-0.009279058314859867,0,0.8039155006408691,0.5945201516151428,0.016277030110359192,0,-0.00756906159222126,-0.01713903248310089,0.9998239874839783,0,0,0.5606709718704224,0,1,0.6835063695907593,-0.36366334557533264,0.6329049468040466,0,-0.18980705738067627,0.748684287071228,0.6351726055145264,0,-0.7048356533050537,-0.5542739629745483,0.44270458817481995,0,0,0.4562090039253235,0,1,0.8356842398643494,-0.5423796772956848,-0.08634264022111893,0,0.53312748670578,0.7633600234985352,0.3647707402706146,0,-0.1319335401058197,-0.3508644998073578,0.9270856976509094,0,0.07626300305128098,0.07689099758863449,0,1,0.934119701385498,0.3290557861328125,-0.13835884630680084,0,-0.32838174700737,0.9441196918487549,0.028331302106380463,0,0.1399499773979187,0.01896977797150612,0.9899770021438599,0,0.015768999233841896,0.08518999814987183,0,1,0.9830630421638489,-0.16098560392856598,-0.08758100867271423,0,0.15208061039447784,0.9832630753517151,-0.10032383352518082,0,0.10226595401763916,0.08530587702989578,0.9910929799079895,0,0.0038819999899715185,0.09520799666643143,0,1,0.9987130165100098,-0.05066408962011337,-0.0022850586101412773,0,0.04941108822822571,0.9618866443634033,0.268947958946228,0,-0.011428028345108032,-0.268714964389801,0.9631516933441162,0,0,0.11284700036048889,0.0026950000319629908,1,0.9979479908943176,0.06398199498653412,-0.0024299982469528913,0,-0.06398199498653412,0.9979509711265564,0.00009104655327973887,0,0.0024310010485351086,0.00006395342643372715,0.9999970197677612,0,-0.004110999871045351,0.15492799878120422,0,1,0.9992610216140747,-0.0381060466170311,0.005025998689234257,0,0.03829704970121384,0.9982190132141113,-0.045748524367809296,0,-0.003273017005994916,0.04590752348303795,0.9989399909973145,0,0.004586999770253897,0.1223910003900528,0,1,-0.9155480861663818,-0.2604459524154663,0.30649587512016296,0,0.2945379614830017,-0.9530770182609558,0.06994819641113281,0,0.27389585971832275,0.15431512892246246,0.9492989778518677,0,0.187049001455307,-0.11460500210523605,-0.0032820000778883696,1,0.9857059717178345,0.0009961244650185108,-0.16846904158592224,0,-0.07824812084436417,0.8882860541343689,-0.4525759220123291,0,0.1491979956626892,0.45928895473480225,0.8756670355796814,0,0,0.5946940183639526,0,1,0.9670829772949219,-0.25198403000831604,-0.03541090339422226,0,0.17172494530677795,0.5436030626296997,0.8215879201889038,0,-0.1877770572900772,-0.8006249666213989,0.5689810514450073,0,0,0.5307940244674683,0,1,0.9998729825019836,0,0.01596600003540516,0,-0.009673000313341618,0.7955909967422485,0.6057569980621338,0,-0.012702000327408314,-0.6058350205421448,0.7954890131950378,0,0,0.36083701252937317,0,1,-0.8424921035766602,0.43449878692626953,-0.31846097111701965,0,-0.4160507619380951,-0.9003280997276306,-0.127715066075325,0,-0.3422119915485382,0.02489684335887432,0.9392930269241333,0,-0.187049001455307,-0.11460500210523605,0.0013620000099763274,1,0.9797099828720093,-0.033175162971019745,0.1976538896560669,0,0.155691996216774,0.746996283531189,-0.6463406682014465,0,-0.12620389461517334,0.663999617099762,0.737005352973938,0,0,0.5951849818229675,0,1,0.9675490260124207,0.21195702254772186,-0.13756009936332703,0,0.08658400177955627,0.2333393692970276,0.9685328602790833,0,0.237385094165802,-0.949013888835907,0.20741534233093262,0,0,0.5309349894523621,0,1,0.999908983707428,0,-0.01350099965929985,0,0.008256999775767326,0.7911829948425293,0.6115239858627319,0,0.0106819998472929,-0.6115800142288208,0.7911109924316406,0,0,0.3575519919395447,0,1
K0.100,0.9656680226325989,0.09476300328969955,0.2418770045042038,0,-0.020654000341892242,0.9561520218849182,-0.29214099049568176,0,-0.2589550018310547,0.27711498737335205,0.9252830147743225,0,-0.08093100041151047,1.3616299629211426,0.06514699757099152,1,0.9943410158157349,0.09279300272464752,-0.051715999841690063,0,-0.09395799785852432,0.9953640103340149,-0.020573999732732773,0,0.049566999077796936,0.025317000225186348,0.998449981212616,0,0,0.20628799498081207,-0.003951000049710274,1,0.9976109862327576,0.047635000199079514,-0.05002399906516075,0,-0.04764699935913086,0.9988639950752258,0.000945000268984586,0,0.050011999905109406,0.001440999680198729,0.9987480044364929,0,0,0.2407130002975464,0,1,0.9976099729537964,0.04779199883341789,-0.04990199953317642,0,-0.04784899950027466,0.9988549947738647,0.000042000316170742735,0,0.04984699934720993,0.002345999702811241,0.9987540245056152,0,0,0.2751010060310364,0,1,0.9979150295257568,-0.04915599897503853,-0.041815999895334244,0,0.04870900139212608,0.9987450242042542,-0.011644995771348476,0,0.04233599826693535,0.009583995677530766,0.9990569949150085,0,0,0.3094879984855652,0,1,0.9689610004425049,-0.1755629926919937,-0.17404699325561523,0,0.17554700374603271,0.9843469858169556,-0.01560899242758751,0,0.17406299710273743,-0.015429006889462471,0.9846140146255493,0,0,0.15292400121688843,-0.0011180000146850944,1,0.21038900315761566,0.058361999690532684,-0.9758740067481995,0,0.856128990650177,-0.49293801188468933,0.1550939977169037,0,-0.471994012594223,-0.8681049942970276,-0.15367400646209717,0,0.10886099934577942,0.27235299348831177,-0.0016169999726116657,1,0.678928017616272,0.7148540019989014,0.16745097935199738,0,-0.7265430092811584,0.6212729811668396,0.2935220003128052,0,0.10579200834035873,-0.3209410011768341,0.9411720037460327,0,0,0.2262520045042038,0,1,0.7862520217895508,0.6178690195083618,0.006742999888956547,0,-0.6178749799728394,0.7860580086708069,0.018546000123023987,0,0.006159000098705292,-0.018748000264167786,0.9998049736022949,0,0,0.560837984085083,0,1,0.2098339945077896,-0.038047995418310165,-0.9769960045814514,0,0.3056679964065552,0.951708972454071,0.028586003929376602,0,0.9287289977073669,-0.3046349883079529,0.21133099496364594,0,0,0.4560370147228241,0,1,0.7000579833984375,0.7066130042076111,-0.10303699970245361,0,-0.5977150201797485,0.6587899923324585,0.45687299966812134,0,0.3907119929790497,-0.25824999809265137,0.8835440278053284,0,-0.08322200179100037,0.06543400138616562,0,1,0.9982770085334778,0.03040899895131588,0.0501910001039505,0,-0.03260999917984009,0.9985150098800659,0.04363299906253815,0,-0.048788998275995255,-0.045194998383522034,0.9977859854698181,0,-0.006360999774187803,0.08445300161838531,0,1,0.9850640296936035,-0.16913199424743652,0.0323139987885952,0,0.1702679991722107,0.9847260117530823,-0.03638099879026413,0,-0.02566700056195259,0.041338998824357986,0.9988150000572205,0,0.00915099959820509,0.09665299952030182,0,1,0.9994580149650574,0.03288999944925308,0.0016870000399649143,0,-0.03281399980187416,0.9901940226554871,0.13579100370407104,0,0.00279600010253489,-0.13577300310134888,0.9907360076904297,0,0,0.11323200166225433,0.0015119999879971147,1,0.998848021030426,-0.04797599837183952,0.0011029999004676938,0,0.04797599837183952,0.998848021030426,0.000030002847779542208,0,-0.0011030000168830156,0.000022997151972958818,0.9999989867210388,0,0.003246000036597252,0.15143999457359314,0,1,0.9997329711914062,0.022936999797821045,-0.002785000018775463,0,-0.02302899956703186,0.9989510178565979,-0.039570994675159454,0,0.0018740000668913126,0.03962399810552597,0.9992129802703857,0,-0.003218000056222081,0.11913099884986877,0,1,0.42365598678588867,-0.11450400203466415,0.8985570073127747,0,-0.8149939775466919,-0.4811350107192993,0.3229460120201111,0,0.39534899592399597,-0.8691359758377075,-0.2971549928188324,0,-0.10886099934577942,0.2723180055618286,0.0001939999929163605,1,0.6785370111465454,-0.6908869743347168,0.24952399730682373,0,0.732882022857666,0.6597149968147278,-0.1663150042295456,0,-0.04971000552177429,0.29572200775146484,0.953980028629303,0,0,0.2262520045042038,0,1,0.8155480027198792,-0.5786700248718262,-0.004807000048458576,0,0.5786830186843872,0.8154690265655518,0.011717000044882298,0,-0.0028600001242011786,-0.012338000349700451,0.9999200105667114,0,0,0.5606709718704224,0,1,0.6193850040435791,-0.41079801321029663,0.669035017490387,0,-0.1977590024471283,0.7430629730224609,0.6393349766731262,0,-0.759772002696991,-0.528302013874054,0.37900298833847046,0,0,0.4562090039253235,0,1,0.817156970500946,-0.5663769841194153,-0.10710500180721283,0,0.5686389803886414,0.761676013469696,0.3106440007686615,0,-0.09436299651861191,-0.31474900245666504,0.9444730281829834,0,0.07626300305128098,0.07689099758863449,0,1,0.9585630297660828,0.24151499569416046,-0.1510860025882721,0,-0.24569100141525269,0.9693030118942261,-0.009325997903943062,0,0.14419600367546082,0.046059999614953995,0.9884769916534424,0,0.015768999233841896,0.08518999814987183,0,1,0.9750009775161743,-0.20515300333499908,-0.08535099774599075,0,0.19443100690841675,0.9736440181732178,-0.11922500282526016,0,0.10756099969148636,0.09965000301599503,0.989192008972168,0,0.0038819999899715185,0.09520799666643143,0,1,0.9991580247879028,-0.0409419983625412,0.0027079996652901173,0,0.039907000958919525,0.9850180149078369,0.16777099668979645,0,-0.009535999968647957,-0.16752199828624725,0.9858220219612122,0,0,0.11284700036048889,0.0026950000319629908,1,0.9979479908943176,0.06398200243711472,-0.0024300001095980406,0,-0.06398200243711472,0.9979509711265564,0.00009200000204145908,0,0.0024309998843818903,0.00006299999949987978,0.9999970197677612,0,-0.004110999871045351,0.15492799878120422,0,1,0.9994459748268127,-0.03290899842977524,0.004923999775201082,0,0.03322799876332283,0.9948920011520386,-0.09532299637794495,0,-0.0017610001377761364,0.09543400257825851,0.9954339861869812,0,0.004586999770253897,0.1223910003900528,0,1,-0.9157379865646362,-0.25726500153541565,0.3086079955101013,0,0.2888000011444092,-0.9554790258407593,0.06044600158929825,0,0.2793180048465729,0.1444779932498932,0.9492670297622681,0,0.187049001455307,-0.11460500210523605,-0.0032820000778883696,1,0.9860150218009949,-0.004184999968856573,-0.16660700738430023,0,-0.07327300310134888,0.8869969844818115,-0.45592600107192993,0,0.1496880054473877,0.46175700426101685,0.8742849826812744,0,0,0.5946940183639526,0,1,0.9687139987945557,-0.24547700583934784,-0.0365150012075901,0,0.16955800354480743,0.5471959710121155,0.8196499943733215,0,-0.1812240034341812,-0.8001980185508728,0.5716990232467651,0,0,0.5307940244674683,0,1,0.9998729825019836,0,0.01596600003540516,0,-0.009673000313341618,0.7955909967422485,0.6057569980621338,0,-0.012702000327408314,-0.6058350205421448,0.7954890131950378,0,0,0.36083701252937317,0,1,-0.8364310264587402,0.4484269917011261,-0.31511300802230835,0,-0.43601199984550476,-0.8927969932556152,-0.11316599696874619,0,-0.3320789933204651,0.042736999690532684,0.9422829747200012,0,-0.187049001455307,-0.11460500210523605,0.0013620000099763274,1,0.9800750017166138,-0.022995000705122948,0.1972920000553131,0,0.15469400584697723,0.7114019989967346,-0.6855480074882507,0,-0.12458900362253189,0.702409029006958,0.7007849812507629,0,0,0.5951849818229675,0,1,0.9697340130805969,0.20487700402736664,-0.13281899690628052,0,0.09136199951171875,0.19998499751091003,0.9755300283432007,0,0.22642600536346436,-0.9581400156021118,0.1752139925956726,0,0,0.5309349894523621,0,1,0.999908983707428,0,-0.01350099965929985,0,0.008256999775767326,0.7911829948425293,0.6115239858627319,0,0.0106819998472929,-0.6115800142288208,0.7911109924316406,0,0,0.3575519919395447,0,1
