6.100,30,182,41
B0,mixamorig_Hips,-1,0.9984753131866455,0.016603175550699234,-0.052651870995759964,0,-0.018490338698029518,0.9991962313652039,-0.035566315054893494,0,0.052019406110048294,0.03648575395345688,0.9979793429374695,0,-0.002628093818202615,1.4406049251556396,0.009778333827853203,1
B1,mixamorig_Spine,0,0.9999692440032959,0.006497934926301241,0.004343721549957991,0,-0.006262516137212515,0.9986202716827393,-0.05214255303144455,0,-0.0046765124425292015,0.052113551646471024,0.9986302852630615,0,0,0.20628799498081207,-0.003951000049710274,1
B2,mixamorig_Spine1,1,0.9999454021453857,0.007008588872849941,0.007757582701742649,0,-0.006921658758074045,0.9999129772186279,-0.011167949065566063,0,-0.00783446617424488,0.011113576591014862,0.9999076128005981,0,0,0.2407130002975464,0,1
B3,mixamorig_Spine2,2,0.9999454021453857,0.007268798071891069,0.007479047402739525,0,-0.007185867987573147,0.9999120235443115,-0.011139949783682823,0,-0.007559140212833881,0.011085577309131622,0.9999095797538757,0,0,0.2751010060310364,0,1
B4,mixamorig_Neck,3,0.9996800422668457,-0.02007017284631729,0.015371971763670444,0,0.018937544897198677,0.9973251819610596,0.07059980183839798,0,-0.01674722693860531,-0.07028643041849136,0.99738609790802,0,0,0.3094879984855652,0,1
B5,mixamorig_Head,4,0.9924630522727966,0.013498025946319103,0.12179543823003769,0,-0.024614499881863594,0.995614767074585,0.09023458510637283,0,-0.12004416435956955,-0.09255247563123703,0.988442599773407,0,0,0.15292400121688843,-0.0011180000146850944,1
B6,mixamorig_HeadTop_End,5,1,0,0,0,0,1,0,0,0,0,1,0,0,1.1334810256958008,-0.008286000229418278,1
B7,mixamorig_LeftShoulder,3,-0.06304635107517242,0.013811910524964333,-0.9979149699211121,0,0.8785597681999207,-0.4735826253890991,-0.06206025928258896,0,-0.47345250844955444,-0.8806411623954773,0.01772272028028965,0,0.10886099934577942,0.27235299348831177,-0.0016169999726116657,1
B8,mixamorig_LeftArm,7,0.9630370140075684,0.17734394967556,-0.20274955034255981,0,0.03769615665078163,0.6565513610839844,0.7533368468284607,0,0.2667158246040344,-0.7331359386444092,0.6255995035171509,0,0,0.2262520045042038,0,1
B9,mixamorig_LeftForeArm,8,0.9590398669242859,0.28249990940093994,0.02082352712750435,0,-0.2826709747314453,0.9591987133026123,0.005701952613890171,0,-0.018363086506724358,-0.011355181224644184,0.9997667670249939,0,0,0.560837984085083,0,1
B10,mixamorig_LeftHand,9,0.9936739206314087,-0.03996798023581505,-0.10494504123926163,0,0.04534963518381119,0.9977483153343201,0.049407683312892914,0,0.10273418575525284,-0.053854696452617645,0.9932494759559631,0,0,0.4560370147228241,0,1
B11,mixamorig_LeftHandThumb1,10,0.9418449997901917,0.28614699840545654,-0.17620499432086945,0,-0.23340100049972534,0.9342550039291382,0.26961299777030945,0,0.24176999926567078,-0.21280699968338013,0.9467099905014038,0,-0.08322200179100037,0.06543400138616562,0,1
B12,mixamorig_LeftHandThumb2,11,0.9751062393188477,-0.21437999606132507,0.05664300173521042,0,0.2160310000181198,0.9760720133781433,-0.024764999747276306,0,-0.04997900128364563,0.03638579323887825,0.9980869889259338,0,-0.006360999774187803,0.08445300161838531,0,1
B13,mixamorig_LeftHandThumb3,12,0.8915579915046692,-0.4498920142650604,0.05217299982905388,0,0.44501200318336487,0.8915989995002747,0.0837550014257431,0,-0.084197998046875,-0.05145400017499924,0.9951199889183044,0,0.00915099959820509,0.09665299952030182,0,1
B14,mixamorig_LeftHandThumb4,13,1,0,0,0,0,1,0,0,0,0,1,0,-0.0027910000644624233,0.07388699799776077,0,1
B15,mixamorig_LeftHandIndex1,10,0.9989230036735535,0.046181000769138336,0.0045460001565515995,0,-0.04636399820446968,0.9891780018806458,0.1392029970884323,0,0.0019310000352561474,-0.13926400244235992,0.9902529716491699,0,0,0.11323200166225433,0.0015119999879971147,1
B16,mixamorig_LeftHandIndex2,15,0.9999939799308777,-0.0033259999472647905,-0.0009749999735504389,0,0.003418999956920743,0.8999239802360535,0.4360339939594269,0,-0.0005729999975301325,-0.43603500723838806,0.8999300003051758,0,0.003246000036597252,0.15143999457359314,0,1
B17,mixamorig_LeftHandIndex3,16,0.9985060095787048,0.054627999663352966,0.0011139999842271209,0,-0.05274900048971176,0.9584479928016663,0.280348002910614,0,0.014247000217437744,-0.27998799085617065,0.9598979949951172,0,-0.003218000056222081,0.11913099884986877,0,1
B18,mixamorig_LeftHandIndex4,17,1,0,0,0,0,1,0,0,0,0,1,0,-0.000028000000384054147,0.09968400001525879,0,1
B19,mixamorig_RightShoulder,3,0.0487244538962841,-0.0105380704626441,0.9987558126449585,0,-0.8958303928375244,-0.44267624616622925,0.0390319749712944,0,0.4417141079902649,-0.8966192603111267,-0.03100995160639286,0,-0.10886099934577942,0.2723180055618286,0.0001939999929163605,1
B20,mixamorig_RightArm,19,0.9515219926834106,-0.09038648009300232,0.2939969003200531,0,-0.1613355576992035,0.6671229600906372,0.727265477180481,0,-0.26186686754226685,-0.739441454410553,0.6202014088630676,0,0,0.2262520045042038,0,1
B21,mixamorig_RightForeArm,20,0.9154388904571533,-0.401320219039917,-0.030149314552545547,0,0.4015676975250244,0.9158239960670471,0.002391163958236575,0,0.026651479303836823,-0.014296946115791798,0.9995426535606384,0,0,0.5606709718704224,0,1
B22,mixamorig_RightHand,21,0.9999153017997742,0.0023025711998343468,-0.012741316109895706,0,-0.0019589909352362156,0.9996341466903687,0.026948491111397743,0,0.012797988951206207,-0.026920586824417114,0.9995555877685547,0,0,0.4562090039253235,0,1
B23,mixamorig_RightHandThumb1,22,0.968638002872467,-0.24142986536026,0.05874917656183243,0,0.2158789485692978,0.9347761869430542,0.28211572766304016,0,-0.12302864342927933,-0.2605856657028198,0.9575799107551575,0,0.07626300305128098,0.07689099758863449,0,1
B24,mixamorig_RightHandThumb2,23,0.958631157875061,0.25889837741851807,0.1183086410164833,0,-0.25367680191993713,0.9655778408050537,-0.05750217288732529,0,-0.12912236154079437,0.02511204406619072,0.9913093447685242,0,0.015768999233841896,0.08518999814987183,0,1
B25,mixamorig_RightHandThumb3,24,0.9883368611335754,-0.08441352099180222,-0.12673763930797577,0,0.08084890246391296,0.9961790442466736,-0.0330096110701561,0,0.12904022634029388,0.022377299144864082,0.9913854598999023,0,0.0038819999899715185,0.09520799666643143,0,1
B26,mixamorig_RightHandThumb4,25,1,0,0,0,0,1,0,0,0,0,1,0,-0.019650999456644058,0.06658300012350082,0,1
B27,mixamorig_RightHandIndex1,22,0.9989393353462219,-0.046033043414354324,0.001174047589302063,0,0.04505571722984314,0.9823607206344604,0.18148675560951233,0,-0.009507396258413792,-0.18124176561832428,0.983392596244812,0,0,0.11284700036048889,0.0026950000319629908,1
B28,mixamorig_RightHandIndex2,27,0.9993531107902527,0.035741399973630905,0.0040082321502268314,0,-0.03549761325120926,0.96226966381073,0.26976919174194336,0,0.005784744396805763,-0.2697363793849945,0.962916374206543,0,-0.004110999871045351,0.15492799878120422,0,1
B29,mixamorig_RightHandIndex3,28,0.9980679750442505,-0.06210111454129219,0.002101209247484803,0,0.060642536729574203,0.9808815717697144,0.1849152147769928,0,-0.013543953187763691,-0.18443042039871216,0.9827523231506348,0,0.004586999770253897,0.1223910003900528,0,1
B30,mixamorig_RightHandIndex4,29,1,0,0,0,0,1,0,0,0,0,1,0,-0.00047599998652003706,0.09364800155162811,0,1
B31,mixamorig_LeftUpLeg,0,-0.9742528200149536,-0.0689445212483406,0.21465830504894257,0,0.07421617954969406,-0.9971038103103638,0.016587289050221443,0,0.2128933072090149,0.03209110349416733,0.97654789686203,0,0.187049001455307,-0.11460500210523605,-0.0032820000778883696,1
B32,mixamorig_LeftLeg,31,0.9942268133163452,-0.006645140238106251,-0.10709213465452194,0,-0.02530306950211525,0.9554123878479004,-0.2941896915435791,0,0.10427217930555344,0.2952011227607727,0.94972825050354,0,0,0.5946940183639526,0,1
B33,mixamorig_LeftFoot,32,0.9826892018318176,-0.017700348049402237,0.1844165325164795,0,-0.15977606177330017,0.42290249466896057,0.89197838306427,0,-0.09377872198820114,-0.9060027599334717,0.41275307536125183,0,0,0.5307940244674683,0,1
B34,mixamorig_LeftToeBase,33,0.9998360276222229,-0.00041041855001822114,0.018092093989253044,0,-0.010792255401611328,0.7889724969863892,0.6143341660499573,0,-0.014526674523949623,-0.6144291758537292,0.7888385057449341,0,0,0.36083701252937317,0,1
B35,mixamorig_LeftToe_End,34,1,0,0,0,0,1,0,0,0,0,1,0,0,0.13561199605464935,0,1
B36,mixamorig_RightUpLeg,0,-0.9692723155021667,0.1251087486743927,-0.2117971032857895,0,-0.1260644495487213,-0.9919807314872742,-0.009041670709848404,0,-0.21123015880584717,0.017935603857040405,0.9772714972496033,0,-0.187049001455307,-0.11460500210523605,0.0013620000099763274,1
B37,mixamorig_RightLeg,36,0.9993639588356018,0.028732577338814735,-0.021132279187440872,0,-0.03408927470445633,0.9437049031257629,-0.3290272057056427,0,0.010488676838576794,0.32953840494155884,0.9440841674804688,0,0,0.5951849818229675,0,1
B38,mixamorig_RightFoot,37,0.9816313982009888,0.020988620817661285,-0.18962854146957397,0,0.16691793501377106,0.3868974447250366,0.9068896174430847,0,0.09240120649337769,-0.9218837022781372,0.3762877881526947,0,0,0.5309349894523621,0,1
B39,mixamorig_RightToeBase,38,0.9999047517776489,0.000058209276176057756,-0.013814092613756657,0,0.008420046418905258,0.790214478969574,0.6127723455429077,0,0.010951883159577847,-0.6128303408622742,0.7901384830474854,0,0,0.3575519919395447,0,1
B40,mixamorig_RightToe_End,39,1,0,0,0,0,1,0,0,0,0,1,0,0,0.13513900339603424,0,1
@34,0,1,2,3,4,5,7,8,9,10,11,12,13,15,16,17,19,20,21,22,23,24,25,27,28,29,31,32,33,34,36,37,38,39
K0.000,0.9987969994544983,0.012316999956965446,-0.04745899885892868,0,-0.014318999834358692,0.9990109801292419,-0.042086999863386154,0,0.04689300060272217,0.042716000229120255,0.9979860186576843,0,0.0009420000133104622,1.4407919645309448,0.006572000216692686,1,0.9999840259552002,0.0017480000387877226,0.005437000188976526,0,-0.0015399999683722854,0.9992769956588745,-0.03799400106072426,0,-0.005499000195413828,0.037985000759363174,0.9992629885673523,0,0,0.20628799498081207,-0.003951000049710274,1,0.9999409914016724,0.0037159998901188374,0.01020899973809719,0,-0.003874999936670065,0.999871015548706,0.01559200044721365,0,-0.0101500004529953,-0.015630999580025673,0.9998260140419006,0,0,0.2407130002975464,0,1,0.9999420046806335,0.004011000040918589,0.010015999898314476,0,-0.004166000057011843,0.9998700022697449,0.01558700017631054,0,-0.009952000342309475,-0.01562800072133541,0.9998279809951782,0,0,0.2751010060310364,0,1,0.9996569752693176,-0.022686000913381577,0.013101999647915363,0,0.021637000143527985,0.9969279766082764,0.07527399808168411,0,-0.014769000001251698,-0.07496500015258789,0.9970769882202148,0,0,0.3094879984855652,0,1,0.9927989840507507,0.030566999688744545,0.11582700163125992,0,-0.028175000101327896,0.9993559718132019,-0.02222999930381775,0,-0.11643200367689133,0.018806999549269676,0.9930210113525391,0,0,0.15292400121688843,-0.0011180000146850944,1,-0.03554299846291542,0.01551000028848648,-0.9992480278015137,0,0.863008975982666,-0.5037189722061157,-0.03851599991321564,0,-0.5039370059967041,-0.8637279868125916,0.004519000183790922,0,0.10886099934577942,0.27235299348831177,-0.0016169999726116657,1,0.960548996925354,0.21879400312900543,-0.1716810017824173,0,-0.02243500016629696,0.6762629747390747,0.7363190054893494,0,0.2772029936313629,-0.703419029712677,0.6544920206069946,0,0,0.2262520045042038,0,1,0.9696230292320251,0.24394899606704712,0.01787699945271015,0,-0.24407599866390228,0.9697420001029968,0.0052629997953772545,0,-0.0160520002245903,-0.009465999901294708,0.9998260140419006,0,0,0.560837984085083,0,1,0.9938420057296753,-0.004484999924898148,-0.11071699857711792,0,0.009765000082552433,0.9988380074501038,0.047192998230457306,0,0.1103769987821579,-0.04798400029540062,0.992730975151062,0,0,0.4560370147228241,0,1,0.9418449997901917,0.28614699840545654,-0.17620499432086945,0,-0.23340100049972534,0.9342550039291382,0.26961299777030945,0,0.2417690008878708,-0.21280799806118011,0.9467099905014038,0,-0.08322200179100037,0.06543400138616562,0,1,0.9751060009002686,-0.21437999606132507,0.05664300173521042,0,0.2160310000181198,0.9760720133781433,-0.024764999747276306,0,-0.04997900128364563,0.03638499975204468,0.9980869889259338,0,-0.006360999774187803,0.08445300161838531,0,1,0.8915579915046692,-0.4498920142650604,0.05217299982905388,0,0.44501200318336487,0.8915989995002747,0.08375400304794312,0,-0.084197998046875,-0.05145400017499924,0.9951199889183044,0,0.00915099959820509,0.09665299952030182,0,1,0.9989230036735535,0.046181000769138336,0.004546999931335449,0,-0.04636399820446968,0.9891780018806458,0.1392029970884323,0,0.0019310000352561474,-0.13926400244235992,0.9902529716491699,0,0,0.11323200166225433,0.0015119999879971147,1,0.9999939799308777,-0.0033259999472647905,-0.0009759999811649323,0,0.003418999956920743,0.8999230265617371,0.43603500723838806,0,-0.0005719999899156392,-0.43603599071502686,0.8999289870262146,0,0.003246000036597252,0.15143999457359314,0,1,0.9985060095787048,0.054627999663352966,0.0011139999842271209,0,-0.05274900048971176,0.9584479928016663,0.280348002910614,0,0.014248000457882881,-0.27998799085617065,0.9598979949951172,0,-0.003218000056222081,0.11913099884986877,0,1,0.11087600141763687,-0.009720000438392162,0.9937869906425476,0,-0.873960018157959,-0.47704699635505676,0.0928409993648529,0,0.47318100929260254,-0.87882399559021,-0.06138800084590912,0,-0.10886099934577942,0.2723180055618286,0.0001939999929163605,1,0.9599559903144836,-0.15958799421787262,0.2302509993314743,0,-0.06375300139188766,0.6758760213851929,0.7342519760131836,0,-0.27279898524284363,-0.7195289731025696,0.6386380195617676,0,0,0.2262520045042038,0,1,0.9625409841537476,-0.2703779935836792,-0.020267000421881676,0,0.27048900723457336,0.9627190232276917,0.0029349999967962503,0,0.018718000501394272,-0.008306999690830708,0.9997900128364563,0,0,0.5606709718704224,0,1,0.9970260262489319,-0.07355699688196182,-0.023003999143838882,0,0.07392200082540512,0.9971449971199036,0.015424000099301338,0,0.021803999319672585,-0.017078999429941177,0.9996160268783569,0,0,0.4562090039253235,0,1,0.9608669877052307,-0.2674010097980499,0.07232700288295746,0,0.2405170053243637,0.934876024723053,0.26107099652290344,0,-0.13742800056934357,-0.2334579974412918,0.9626060128211975,0,0.07626300305128098,0.07689099758863449,0,1,0.948989987373352,0.30993300676345825,0.05796099826693535,0,-0.3122040033340454,0.9493629932403564,0.03519799932837486,0,-0.044116999953985214,-0.05149799957871437,0.9976980090141296,0,0.015768999233841896,0.08518999814987183,0,1,0.9961789846420288,-0.08050700277090073,-0.03384299948811531,0,0.08209600299596786,0.9954439997673035,0.04850099980831146,0,0.029783999547362328,-0.05109500139951706,0.9982500076293945,0,0.0038819999899715185,0.09520799666643143,0,1,0.9985589981079102,-0.05365600064396858,-0.0003209999995306134,0,0.05296099931001663,0.9846230149269104,0.16647100448608398,0,-0.008616000413894653,-0.16624799370765686,0.9860460162162781,0,0,0.11284700036048889,0.0026950000319629908,1,0.9996230006217957,0.0271029993891716,0.0044120000675320625,0,-0.026948999613523483,0.9374610185623169,0.34704598784446716,0,0.005270000081509352,-0.3470340073108673,0.9378380179405212,0,-0.004110999871045351,0.15492799878120422,0,1,0.9980909824371338,-0.06172800064086914,0.0021899999119341373,0,0.06030900031328201,0.9815760254859924,0.18130600452423096,0,-0.01334100030362606,-0.1808280050754547,0.9834240078926086,0,0.004586999770253897,0.1223910003900528,0,1,-0.9745209813117981,-0.07084999978542328,0.21281099319458008,0,0.07604300230741501,-0.9969710111618042,0.01630599983036518,0,0.21101100742816925,0.03207400068640709,0.9769570231437683,0,0.187049001455307,-0.11460500210523605,-0.0032820000778883696,1,0.9948949813842773,-0.0055069997906684875,-0.10076099634170532,0,-0.025597000494599342,0.9520819783210754,-0.30476999282836914,0,0.09761100262403488,0.30579298734664917,0.9470810294151306,0,0,0.5946940183639526,0,1,0.9827060103416443,-0.016367999836802483,0.18445000052452087,0,-0.16085800528526306,0.4179700016975403,0.8941059708595276,0,-0.09172999858856201,-0.908312976360321,0.4081079959869385,0,0,0.5307940244674683,0,1,0.9998360276222229,-0.0004140000091865659,0.018107999116182327,0,-0.010800999589264393,0.7889220118522644,0.6143980026245117,0,-0.014539999887347221,-0.6144930124282837,0.7887889742851257,0,0,0.36083701252937317,0,1,-0.9693599939346313,0.1236179992556572,-0.2122740000486374,0,-0.12314999848604202,-0.9922670125961304,-0.015478000044822693,0,-0.21254600584506989,0.011137999594211578,0.9770879745483398,0,-0.187049001455307,-0.11460500210523605,0.0013620000099763274,1,0.9994819760322571,0.02802100032567978,-0.015822000801563263,0,-0.031619999557733536,0.946478009223938,-0.32121598720550537,0,0.0059739998541772366,0.32155001163482666,0.9468740224838257,0,0,0.5951849818229675,0,1,0.9815660119056702,0.021796999499201775,-0.1898770034313202,0,0.16604499518871307,0.39470699429512024,0.9036790132522583,0,0.0946429967880249,-0.9185490012168884,0.38381099700927734,0,0,0.5309349894523621,0,1,0.9999030232429504,0.00007400000322377309,-0.013899000361561775,0,0.008464000187814236,0.7899519801139832,0.6131100058555603,0,0.011025000363588333,-0.6131690144538879,0.7898749709129333,0,0,0.3575519919395447,0,1
K0.033,0.9988170266151428,0.012347000651061535,-0.04702599719166756,0,-0.014353000558912754,0.9989910125732422,-0.04255400225520134,0,0.04645399749279022,0.043178003281354904,0.9979869723320007,0,0.001464004861190915,1.4408199787139893,0.006343997549265623,1,0.9999849796295166,0.0015989984385669231,0.005325999576598406,0,-0.001396998530253768,0.9992870092391968,-0.03772199526429176,0,-0.005382999312132597,0.037713997066020966,0.9992740154266357,0,0,0.20628799498081207,-0.003951000049710274,1,0.9999439716339111,0.0035419980995357037,0.010007998906075954,0,-0.0037039981689304113,0.9998610019683838,0.016280004754662514,0,-0.00994899868965149,-0.01631600596010685,0.9998170137405396,0,0,0.2407130002975464,0,1,0.9999439716339111,0.003834998235106468,0.00982199888676405,0,-0.003993998281657696,0.9998599886894226,0.016276005655527115,0,-0.009758998639881611,-0.016314005479216576,0.9998189806938171,0,0,0.2751010060310364,0,1,0.9996579885482788,-0.022763999179005623,0.012904999777674675,0,0.021720999851822853,0.9968799948692322,0.07588200271129608,0,-0.014592000283300877,-0.07557599991559982,0.9970329999923706,0,0,0.3094879984855652,0,1,0.9928680062294006,0.030821001157164574,0.11516699939966202,0,-0.02844500169157982,0.999347984790802,-0.022216996178030968,0,-0.11577600240707397,0.018782995641231537,0.9930980205535889,0,0,0.15292400121688843,-0.0011180000146850944,1,-0.03475699573755264,0.015509000048041344,-0.9992750287055969,0,0.8628680109977722,-0.5040109753608704,-0.03783499449491501,0,-0.5042330026626587,-0.8635579943656921,0.004135997500270605,0,0.10886099934577942,0.27235299348831177,-0.0016169999726116657,1,0.9603700041770935,0.2183700054883957,-0.17321401834487915,0,-0.020810991525650024,0.6758890151977539,0.7367089986801147,0,0.2779490053653717,-0.7039089798927307,0.6536489725112915,0,0,0.2262520045042038,0,1,0.9691439867019653,0.24583503603935242,0.018019001930952072,0,-0.24596403539180756,0.9692639708518982,0.005286000669002533,0,-0.016166001558303833,-0.009555000811815262,0.9998239874839783,0,0,0.560837984085083,0,1,0.9938889741897583,-0.0056260135024785995,-0.11024200171232224,0,0.010902013629674911,0.9988210201263428,0.04730900377035141,0,0.10984600335359573,-0.04822200536727905,0.9927780032157898,0,0,0.4560370147228241,0,1,0.9418449997901917,0.28614699840545654,-0.17620499432086945,0,-0.23340100049972534,0.9342550039291382,0.26961299777030945,0,0.24176999926567078,-0.21280699968338013,0.9467099905014038,0,-0.08322200179100037,0.06543400138616562,0,1,0.9751060009002686,-0.21438099443912506,0.05664300173521042,0,0.2160319983959198,0.9760720133781433,-0.024765999987721443,0,-0.049977999180555344,0.036386001855134964,0.9980869889259338,0,-0.006360999774187803,0.08445300161838531,0,1,0.8915579915046692,-0.4498920142650604,0.05217399820685387,0,0.44501200318336487,0.8915989995002747,0.08375400304794312,0,-0.084197998046875,-0.05145400017499924,0.9951199889183044,0,0.00915099959820509,0.09665299952030182,0,1,0.9989230036735535,0.046181000769138336,0.0045460001565515995,0,-0.04636399820446968,0.9891780018806458,0.1392029970884323,0,0.0019320000428706408,-0.13926400244235992,0.9902529716491699,0,0,0.11323200166225433,0.0015119999879971147,1,0.9999939799308777,-0.0033259999472647905,-0.0009749999735504389,0,0.003418999956920743,0.8999230265617371,0.43603500723838806,0,-0.0005729999975301325,-0.43603500723838806,0.8999289870262146,0,0.003246000036597252,0.15143999457359314,0,1,0.9985060095787048,0.054627999663352966,0.0011139999842271209,0,-0.05274900048971176,0.9584479928016663,0.280348002910614,0,0.014247000217437744,-0.27998799085617065,0.9598979949951172,0,-0.003218000056222081,0.11913099884986877,0,1,0.11251700669527054,-0.009670999832451344,0.993602991104126,0,-0.873507022857666,-0.4775960147380829,0.09426900744438171,0,0.4736289978027344,-0.878525972366333,-0.062185004353523254,0,-0.10886099934577942,0.2723180055618286,0.0001939999929163605,1,0.9597579836845398,-0.16134801506996155,0.22985200583934784,0,-0.06242898851633072,0.6754140257835388,0.7347919940948486,0,-0.2738020122051239,-0.7195709943771362,0.6381610035896301,0,0,0.2262520045042038,0,1,0.9631819725036621,-0.26809900999069214,-0.02009899914264679,0,0.2682090103626251,0.9633560180664062,0.0029329999815672636,0,0.0185759998857975,-0.00821600016206503,0.9997940063476562,0,0,0.5606709718704224,0,1,0.9969149827957153,-0.07573200762271881,-0.020598988980054855,0,0.07602600753307343,0.9970099925994873,0.013846993446350098,0,0.0194889884442091,-0.015369992703199387,0.9996920228004456,0,0,0.4562090039253235,0,1,0.960847020149231,-0.2674480080604553,0.07241500169038773,0,0.240556001663208,0.9348949790000916,0.26096901297569275,0,-0.1374959945678711,-0.23333199322223663,0.9626269936561584,0,0.07626300305128098,0.07689099758863449,0,1,0.9489589929580688,0.31004899740219116,0.057851001620292664,0,-0.31232398748397827,0.9493160247802734,0.0354049950838089,0,-0.04394099861383438,-0.05166599899530411,0.9976969957351685,0,0.015768999233841896,0.08518999814987183,0,1,0.9961829781532288,-0.08055400103330612,-0.03363700211048126,0,0.08213700354099274,0.9954320192337036,0.048666998744010925,0,0.029563002288341522,-0.05124400183558464,0.9982489943504333,0,0.0038819999899715185,0.09520799666643143,0,1,0.9985569715499878,-0.053700000047683716,-0.0003289997694082558,0,0.05300600081682205,0.9846349954605103,0.1663849949836731,0,-0.008611000142991543,-0.16616299748420715,0.9860609769821167,0,0,0.11284700036048889,0.0026950000319629908,1,0.9996230006217957,0.02708500064909458,0.0044120000675320625,0,-0.026931000873446465,0.9374020099639893,0.3472059965133667,0,0.005268000066280365,-0.34719398617744446,0.9377779960632324,0,-0.004110999871045351,0.15492799878120422,0,1,0.9980909824371338,-0.06172600015997887,0.0021909999195486307,0,0.06030699983239174,0.9815800189971924,0.1812860071659088,0,-0.013340000063180923,-0.18080799281597137,0.9834280014038086,0,0.004586999770253897,0.1223910003900528,0,1,-0.9745720028877258,-0.07036899030208588,0.21273599565029144,0,0.07546599209308624,-0.9970210194587708,0.015925996005535126,0,0.21098199486732483,0.031574998050928116,0.9769799709320068,0,0.187049001455307,-0.11460500210523605,-0.0032820000778883696,1,0.9949460029602051,-0.0052879974246025085,-0.10026999562978745,0,-0.025663001462817192,0.9520519971847534,-0.3048569858074188,0,0.097073994576931,0.3058890104293823,0.9471049904823303,0,0,0.5946940183639526,0,1,0.982699990272522,-0.01602199673652649,0.18450799584388733,0,-0.16106300055980682,0.4178679883480072,0.894116997718811,0,-0.09142500162124634,-0.9083669781684875,0.4080579876899719,0,0,0.5307940244674683,0,1,0.9998360276222229,-0.0004160000244155526,0.018118999898433685,0,-0.01080700010061264,0.7888870239257812,0.6144430041313171,0,-0.014550000429153442,-0.6145380139350891,0.7887529730796814,0,0,0.36083701252937317,0,1,-0.9693210124969482,0.12411201000213623,-0.21216100454330444,0,-0.12358000874519348,-0.9922090172767639,-0.015818003565073013,0,-0.21247099339962006,0.010885997675359249,0.9771069884300232,0,-0.187049001455307,-0.11460500210523605,0.0013620000099763274,1,0.9994909763336182,0.0279690008610487,-0.015367995016276836,0,-0.03142299875617027,0.9465870261192322,-0.32091400027275085,0,0.00557199539616704,0.32123398780822754,0.9469839930534363,0,0,0.5951849818229675,0,1,0.9815739989280701,0.022130003198981285,-0.18979600071907043,0,0.16578899323940277,0.39522498846054077,0.9035000205039978,0,0.09500700235366821,-0.918317973613739,0.3842740058898926,0,0,0.5309349894523621,0,1,0.9999030232429504,0.0000760000039008446,-0.013910000212490559,0,0.008469999767839909,0.7899180054664612,0.6131539940834045,0,0.011033999733626842,-0.613211989402771,0.7898409962654114,0,0,0.3575519919395447,0,1
K0.067,0.998835027217865,0.012399999424815178,-0.04664100334048271,0,-0.014407998882234097,0.99897301197052,-0.04296599701046944,0,0.04606000334024429,0.04358799755573273,0.9979869723320007,0,0.0019559951033443213,1.440850019454956,0.006132002454251051,1,0.9999849796295166,0.00144500145688653,0.005285000428557396,0,-0.0012460015714168549,0.9993029832839966,-0.03731300309300423,0,-0.005335000343620777,0.03730500489473343,0.9992899894714355,0,0,0.20628799498081207,-0.003951000049710274,1,0.9999449849128723,0.003346001962199807,0.009946000762283802,0,-0.003513001836836338,0.9998520016670227,0.016863994300365448,0,-0.009888000786304474,-0.01689799502491951,0.9998080134391785,0,0,0.2407130002975464,0,1,0.9999459981918335,0.0036380018573254347,0.009768000803887844,0,-0.003802001941949129,0.9998509883880615,0.016858994960784912,0,-0.009705000557005405,-0.016895994544029236,0.999809980392456,0,0,0.2751010060310364,0,1,0.9996569752693176,-0.022797999903559685,0.012861000373959541,0,0.02175699919462204,0.9968720078468323,0.0759819969534874,0,-0.014553000219166279,-0.07567600160837173,0.9970260262489319,0,0,0.3094879984855652,0,1,0.9928669929504395,0.031028999015688896,0.1151219978928566,0,-0.0286989975720644,0.9993489980697632,-0.021839004009962082,0,-0.11572399735450745,0.018379002809524536,0.9931110143661499,0,0,0.15292400121688843,-0.0011180000146850944,1,-0.03427800536155701,0.015502999536693096,-0.9992920160293579,0,0.8628259897232056,-0.5041149854660034,-0.037418004125356674,0,-0.5043380260467529,-0.8634970188140869,0.0039040022529661655,0,0.10886099934577942,0.27235299348831177,-0.0016169999726116657,1,0.9602439999580383,0.21810099482536316,-0.17425298690795898,0,-0.01984000951051712,0.6759359836578369,0.7366930246353149,0,0.27845799922943115,-0.7039480209350586,0.6533899903297424,0,0,0.2262520045042038,0,1,0.9685699939727783,0.2480749785900116,0.018188998103141785,0,-0.2482059895992279,0.9686930179595947,0.005314999725669622,0,-0.016300998628139496,-0.009662998840212822,0.9998199939727783,0,0,0.560837984085083,0,1,0.9938889741897583,-0.006964986678212881,-0.110166996717453,0,0.012267986312508583,0.9987949728965759,0.04752899706363678,0,0.10970400273799896,-0.04858999699354172,0.9927759766578674,0,0,0.4560370147228241,0,1,0.9418449997901917,0.28614699840545654,-0.17620499432086945,0,-0.23340100049972534,0.9342550039291382,0.26961299777030945,0,0.24176999926567078,-0.21280699968338013,0.9467099905014038,0,-0.08322200179100037,0.06543400138616562,0,1,0.9751060009002686,-0.21438099443912506,0.05664300173521042,0,0.2160319983959198,0.9760720133781433,-0.024765999987721443,0,-0.049977999180555344,0.036386001855134964,0.9980869889259338,0,-0.006360999774187803,0.08445300161838531,0,1,0.8915579915046692,-0.4498920142650604,0.05217399820685387,0,0.44501200318336487,0.8915989995002747,0.08375400304794312,0,-0.084197998046875,-0.05145400017499924,0.9951199889183044,0,0.00915099959820509,0.09665299952030182,0,1,0.9989230036735535,0.046181000769138336,0.0045460001565515995,0,-0.04636399820446968,0.9891780018806458,0.1392029970884323,0,0.0019310000352561474,-0.13926400244235992,0.9902529716491699,0,0,0.11323200166225433,0.0015119999879971147,1,0.9999939799308777,-0.0033259999472647905,-0.0009749999735504389,0,0.003418999956920743,0.8999239802360535,0.4360339939594269,0,-0.0005729999975301325,-0.43603500723838806,0.8999300003051758,0,0.003246000036597252,0.15143999457359314,0,1,0.9985060095787048,0.054627999663352966,0.0011139999842271209,0,-0.05274900048971176,0.9584479928016663,0.280348002910614,0,0.014248000457882881,-0.27998799085617065,0.9598979949951172,0,-0.003218000056222081,0.11913099884986877,0,1,0.11322999000549316,-0.009650999680161476,0.9935219883918762,0,-0.873412013053894,-0.47764599323272705,0.09490099549293518,0,0.4736360013484955,-0.8784989714622498,-0.06251300126314163,0,-0.10886099934577942,0.2723180055618286,0.0001939999929163605,1,0.9596719741821289,-0.16255898773670197,0.22935600578784943,0,-0.061415012925863266,0.6749190092086792,0.7353320121765137,0,-0.2743310034275055,-0.7197629809379578,0.6377170085906982,0,0,0.2262520045042038,0,1,0.9634259939193726,-0.2672240138053894,-0.020034000277519226,0,0.2673330008983612,0.9635999798774719,0.002930999966338277,0,0.018521999940276146,-0.008179999887943268,0.9997950196266174,0,0,0.5606709718704224,0,1,0.9968640208244324,-0.0766959935426712,-0.019483011215925217,0,0.076959989964962,0.9969469904899597,0.013207006268203259,0,0.018410010263323784,-0.014665007591247559,0.9997230172157288,0,0,0.4562090039253235,0,1,0.9608749747276306,-0.26742398738861084,0.07214199751615524,0,0.240556001663208,0.9348139762878418,0.26125800609588623,0,-0.13730600476264954,-0.23368200659751892,0.9625700116157532,0,0.07626300305128098,0.07689099758863449,0,1,0.9489910006523132,0.3099279999732971,0.0579649992287159,0,-0.3121989965438843,0.9493650197982788,0.03519000485539436,0,-0.044123999774456024,-0.05149200186133385,0.9976980090141296,0,0.015768999233841896,0.08518999814987183,0,1,0.9961879849433899,-0.08038300275802612,-0.033879995346069336,0,0.08197399973869324,0.9954530000686646,0.048514001071453094,0,0.029825998470187187,-0.051107000559568405,0.9982479810714722,0,0.0038819999899715185,0.09520799666643143,0,1,0.9985640048980713,-0.053568001836538315,-0.00030600023455917835,0,0.0528700016438961,0.9845989942550659,0.16664500534534454,0,-0.008624999783933163,-0.16642199456691742,0.9860169887542725,0,0,0.11284700036048889,0.0026950000319629908,1,0.9996230006217957,0.0271029993891716,0.0044120000675320625,0,-0.02694999985396862,0.9374629855155945,0.34703999757766724,0,0.005270000081509352,-0.347027987241745,0.9378399848937988,0,-0.004110999871045351,0.15492799878120422,0,1,0.9980900287628174,-0.06173200160264969,0.002188999904319644,0,0.06031300127506256,0.9815679788589478,0.18134799599647522,0,-0.013344000093638897,-0.18086999654769897,0.9834169745445251,0,0.004586999770253897,0.1223910003900528,0,1,-0.9746350049972534,-0.06985700875520706,0.21262000501155853,0,0.07485900819301605,-0.9970729947090149,0.015558003447949886,0,0.21091100573539734,0.031080005690455437,0.9770110249519348,0,0.187049001455307,-0.11460500210523605,-0.0032820000778883696,1,0.9949949979782104,-0.005020002834498882,-0.09979600459337234,0,-0.02577199786901474,0.9520540237426758,-0.3048419952392578,0,0.09654100984334946,0.30588799715042114,0.947160005569458,0,0,0.5946940183639526,0,1,0.982695996761322,-0.015713004395365715,0.1845560073852539,0,-0.16123700141906738,0.41782400012016296,0.8941059708595276,0,-0.09116099774837494,-0.9083920121192932,0.4080609977245331,0,0,0.5307940244674683,0,1,0.9998360276222229,-0.00041799998143687844,0.018129000440239906,0,-0.010812000371515751,0.7888550162315369,0.6144840121269226,0,-0.014557999558746815,-0.6145790219306946,0.7887210249900818,0,0,0.36083701252937317,0,1,-0.9692630171775818,0.1246199905872345,-0.21212899684906006,0,-0.12403399497270584,-0.9921470284461975,-0.016123997047543526,0,-0.21247300505638123,0.01068200170993805,0.9771090149879456,0,-0.187049001455307,-0.11460500210523605,0.0013620000099763274,1,0.9994980096817017,0.02796499989926815,-0.014869004487991333,0,-0.0312579981982708,0.946690022945404,-0.32062700390815735,0,0.00511000445112586,0.32093098759651184,0.9470890164375305,0,0,0.5951849818229675,0,1,0.9815809726715088,0.02242499589920044,-0.18972499668598175,0,0.16556000709533691,0.39570900797843933,0.9033300280570984,0,0.09533300250768661,-0.9181020259857178,0.3847079873085022,0,0,0.5309349894523621,0,1,0.9999030232429504,0.00007699998968746513,-0.013915999792516232,0,0.008472999557852745,0.7898970246315002,0.6131809949874878,0,0.01104000024497509,-0.6132389903068542,0.7898200154304504,0,0,0.3575519919395447,0,1
