4.767,30,143,41
B0,mixamorig_Hips,-1,0.9954383373260498,-0.03991309553384781,0.08665814250707626,0,0.046151477843523026,0.9963923096656799,-0.07121928036212921,0,-0.08350242674350739,0.07489362359046936,0.9936888217926025,0,-0.003667724085971713,1.452691674232483,0.006912896875292063,1
B1,mixamorig_Spine,0,0.9985572099685669,0.0451490543782711,-0.029063336551189423,0,-0.0440288707613945,0.9983043670654297,0.03808785602450371,0,0.030733583495020866,-0.036753930151462555,0.9988512396812439,0,0,0.20628799498081207,-0.003951000049710274,1
B2,mixamorig_Spine1,1,0.9995562434196472,0.028995774686336517,-0.006804704200476408,0,-0.028858043253421783,0.9993925094604492,0.0195471104234457,0,0.0073679001070559025,-0.019341513514518738,0.9997854232788086,0,0,0.2407130002975464,0,1
B3,mixamorig_Spine2,2,0.9995521306991577,0.029052909463644028,-0.007205570116639137,0,-0.028911177068948746,0.9993995428085327,0.01910424418747425,0,0.007756900042295456,-0.01888737827539444,0.9997914433479309,0,0,0.2751010060310364,0,1
B4,mixamorig_Neck,3,0.9999258518218994,0.010947681963443756,0.0053177750669419765,0,-0.011488476768136024,0.9932448267936707,0.1154661625623703,0,-0.004018239676952362,-0.11551829427480698,0.9932970404624939,0,0,0.3094879984855652,0,1
B5,mixamorig_Head,4,0.9998452067375183,-0.003148069605231285,-0.01729067973792553,0,0.0008017017971724272,0.9909754991531372,-0.13404245674610138,0,0.017557162791490555,0.13400793075561523,0.9908246994018555,0,0,0.15292400121688843,-0.0011180000146850944,1
B6,mixamorig_HeadTop_End,5,1,0,0,0,0,1,0,0,0,0,1,0,0,1.1334810256958008,-0.008286000229418278,1
B7,mixamorig_LeftShoulder,3,0.2729947865009308,0.022501466795802116,-0.9617524743080139,0,0.8393170833587646,-0.49412739276885986,0.22668048739433289,0,-0.47012802958488464,-0.8690980076789856,-0.15377973020076752,0,0.10886099934577942,0.27235299348831177,-0.0016169999726116657,1
B8,mixamorig_LeftArm,7,0.9416360855102539,0.29775360226631165,-0.15704593062400818,0,-0.08161385357379913,0.6545317769050598,0.7516167163848877,0,0.3265884518623352,-0.6949321031570435,0.6406319737434387,0,0,0.2262520045042038,0,1
B9,mixamorig_LeftForeArm,8,0.9996711015701294,0.025460578501224518,0.0031484640203416348,0,-0.025462713092565536,0.9996750950813293,0.0007288660272024572,0,-0.0031285982113331556,-0.0008088659960776567,0.9999949932098389,0,0,0.560837984085083,0,1
B10,mixamorig_LeftHand,9,0.9475817680358887,-0.004322362598031759,0.31948381662368774,0,-0.02382051572203636,0.9961700439453125,0.08412909507751465,0,-0.31862369179725647,-0.08732938021421432,0.943850040435791,0,0,0.4560370147228241,0,1
B11,mixamorig_LeftHandThumb1,10,0.8694400191307068,0.4794830083847046,-0.11903700232505798,0,-0.4319460093975067,0.8547149896621704,0.2878980040550232,0,0.23978500068187714,-0.1988919973373413,0.9502339959144592,0,-0.08322200179100037,0.06543400138616562,0,1
B12,mixamorig_LeftHandThumb2,11,0.9065849781036377,-0.37392398715019226,-0.19566600024700165,0,0.3745259940624237,0.9265419840812683,-0.035349998623132706,0,0.19451099634170532,-0.04123400151729584,0.9800329804420471,0,-0.006360999774187803,0.08445300161838531,0,1
B13,mixamorig_LeftHandThumb3,12,0.9646109938621521,-0.20026999711990356,0.1715169996023178,0,0.23492813110351562,0.9481250047683716,-0.2141679972410202,0,-0.11972799897193909,0.24688300490379333,0.9616199731826782,0,0.00915099959820509,0.09665299952030182,0,1
B14,mixamorig_LeftHandThumb4,13,1,0,0,0,0,1,0,0,0,0,1,0,-0.0027910000644624233,0.07388699799776077,0,1
B15,mixamorig_LeftHandIndex1,10,0.9978179931640625,0.06517399847507477,0.01060386560857296,0,-0.06601399928331375,0.9882100224494934,0.13814100623130798,0,-0.0014750000555068254,-0.1385398656129837,0.9903560280799866,0,0,0.11323200166225433,0.0015119999879971147,1
B16,mixamorig_LeftHandIndex2,15,0.9999189972877502,-0.012648000381886959,-0.0017000000225380063,0,0.01257999986410141,0.9544399976730347,0.2981390058994293,0,-0.002148000057786703,-0.29813599586486816,0.9545210003852844,0,0.003246000036597252,0.15143999457359314,0,1
B17,mixamorig_LeftHandIndex3,16,0.999064028263092,0.04322899878025055,-0.0017130000051110983,0,-0.04256699979305267,0.9892878532409668,0.13963612914085388,0,0.0077309999614953995,-0.1394321322441101,0.9902009963989258,0,-0.003218000056222081,0.11913099884986877,0,1
B18,mixamorig_LeftHandIndex4,17,1,0,0,0,0,1,0,0,0,0,1,0,-0.000028000000384054147,0.09968400001525879,0,1
B19,mixamorig_RightShoulder,3,0.2644496560096741,-0.019051406532526016,0.9642109274864197,0,-0.81395423412323,-0.540645956993103,0.2125575691461563,0,0.5172469615936279,-0.8410346508026123,-0.15848001837730408,0,-0.10886099934577942,0.2723180055618286,0.0001939999929163605,1
B20,mixamorig_RightArm,19,0.8706604838371277,-0.3604695498943329,0.33468157052993774,0,0.07377025485038757,0.7684034109115601,0.6356998085975647,0,-0.4863213896751404,-0.5287888050079346,0.6956103444099426,0,0,0.2262520045042038,0,1
B21,mixamorig_RightForeArm,20,0.9935207366943359,-0.1128261536359787,-0.01366209052503109,0,0.11285815387964249,0.9936099052429199,0.0015794018981978297,0,0.013395956717431545,-0.003111607627943158,0.999904990196228,0,0,0.5606709718704224,0,1
B22,mixamorig_RightHand,21,0.9938141107559204,0.015371467918157578,-0.10998757928609848,0,-0.005968807730823755,0.996335506439209,0.08531706780195236,0,0.11089632660150528,-0.08413264900445938,0.9902645349502563,0,0,0.4562090039253235,0,1
B23,mixamorig_RightHandThumb1,22,0.9025589823722839,-0.4155629873275757,0.11267213523387909,0,0.3719559907913208,0.8843399882316589,0.28211987018585205,0,-0.2168789952993393,-0.21272000670433044,0.9527400135993958,0,0.07626300305128098,0.07689099758863449,0,1
B24,mixamorig_RightHandThumb2,23,0.8697811365127563,0.46113187074661255,0.17560699582099915,0,-0.4622218608856201,0.8859859704971313,-0.03715086728334427,0,-0.1727168709039688,-0.04885699972510338,0.9837589859962463,0,0.015768999233841896,0.08518999814987183,0,1
B25,mixamorig_RightHandThumb3,24,0.9659309983253479,-0.22956186532974243,-0.11949600279331207,0,0.17952799797058105,0.9269269704818726,-0.32950812578201294,0,0.18640699982643127,0.29682913422584534,0.9365599751472473,0,0.0038819999899715185,0.09520799666643143,0,1
B26,mixamorig_RightHandThumb4,25,1,0,0,0,0,1,0,0,0,0,1,0,-0.019650999456644058,0.06658300012350082,0,1
B27,mixamorig_RightHandIndex1,22,0.9972919821739197,-0.07340200245380402,-0.004631999880075455,0,0.07335499674081802,0.9881550073623657,0.1347888708114624,0,-0.0053170002065598965,-0.13476386666297913,0.9908639788627625,0,0,0.11284700036048889,0.0026950000319629908,1
B28,mixamorig_RightHandIndex2,27,0.999783992767334,0.020654000341892242,0.002397000091150403,0,-0.02043299935758114,0.9546059966087341,0.2971709966659546,0,0.0038499999791383743,-0.29715514183044434,0.954820990562439,0,-0.004110999871045351,0.15492799878120422,0,1
B29,mixamorig_RightHandIndex3,28,0.9980090260505676,-0.06300800293684006,0.002735000103712082,0,0.062015000730752945,0.988319993019104,0.1392039954662323,0,-0.011474000290036201,-0.13875700533390045,0.9902600049972534,0,0.004586999770253897,0.1223910003900528,0,1
B30,mixamorig_RightHandIndex4,29,1,0,0,0,0,1,0,0,0,0,1,0,-0.00047599998652003706,0.09364800155162811,0,1
B31,mixamorig_LeftUpLeg,0,-0.9531721472740173,-0.15274058282375336,0.2610223591327667,0,0.18083545565605164,-0.9796494245529175,0.08709945529699326,0,0.24240635335445404,0.13022296130657196,0.9613952040672302,0,0.187049001455307,-0.11460500210523605,-0.0032820000778883696,1
B32,mixamorig_LeftLeg,31,0.9989056587219238,0.03924737498164177,0.02544366382062435,0,-0.03172239661216736,0.9682168364524841,-0.248090460896492,0,-0.03437170758843422,0.2470117062330246,0.9684023857116699,0,0,0.5946940183639526,0,1
B33,mixamorig_LeftFoot,32,0.9827824831008911,-0.027133217081427574,0.1827647089958191,0,-0.13245834410190582,0.586161732673645,0.7992929220199585,0,-0.1288164108991623,-0.8097395300865173,0.5724758505821228,0,0,0.5307940244674683,0,1
B34,mixamorig_LeftToeBase,33,0.9994750022888184,-0.003751866053789854,0.03219446539878845,0,-0.018788598477840424,0.7423170208930969,0.669785737991333,0,-0.02641146443784237,-0.670038640499115,0.7418561577796936,0,0,0.36083701252937317,0,1
B35,mixamorig_LeftToe_End,34,1,0,0,0,0,1,0,0,0,0,1,0,0,0.13561199605464935,0,1
B36,mixamorig_RightUpLeg,0,-0.9861047267913818,-0.020369306206703186,-0.16486996412277222,0,0.04078278690576553,-0.991766095161438,-0.12139450758695602,0,-0.1610400527715683,-0.12643121182918549,0.9788162112236023,0,-0.187049001455307,-0.11460500210523605,0.0013620000099763274,1
B37,mixamorig_RightLeg,36,0.9842782616615295,-0.011589865200221539,-0.17624600231647491,0,0.0002694953582249582,0.9979423880577087,-0.06411872059106827,0,0.17662712931632996,0.06306279450654984,0.9822555184364319,0,0,0.5951849818229675,0,1
B38,mixamorig_RightFoot,37,0.975293755531311,-0.055049993097782135,-0.21394379436969757,0,0.209922194480896,0.5326105356216431,0.8199141025543213,0,0.06881248950958252,-0.8445677161216736,0.5310074687004089,0,0,0.5309349894523621,0,1
B39,mixamorig_RightToeBase,38,0.9992931485176086,0.005862392485141754,-0.03713764250278473,0,0.02192351594567299,0.7116032838821411,0.702239453792572,0,0.03054371289908886,-0.7025574445724487,0.7109715342521667,0,0,0.3575519919395447,0,1
B40,mixamorig_RightToe_End,39,1,0,0,0,0,1,0,0,0,0,1,0,0,0.13513900339603424,0,1
@34,0,1,2,3,4,5,7,8,9,10,11,12,13,15,16,17,19,20,21,22,23,24,25,27,28,29,31,32,33,34,36,37,38,39
K0.000,0.9943119883537292,-0.04887999966740608,0.09462899714708328,0,0.05473700165748596,0.9966769814491272,-0.06032700091600418,0,-0.0913660004734993,0.06516300141811371,0.9936829805374146,0,0.0058570001274347305,1.4523249864578247,-0.002644999884068966,1,0.9989569783210754,0.03852900117635727,-0.024522000923752785,0,-0.03754099830985069,0.998511016368866,0.03957900032401085,0,0.026010999456048012,-0.03861699998378754,0.9989150166511536,0,0,0.20628799498081207,-0.003951000049710274,1,0.9996150135993958,0.027310000732541084,-0.004854000173509121,0,-0.027205999940633774,0.9994249939918518,0.020248999819159508,0,0.005404999945312738,-0.02010899968445301,0.9997829794883728,0,0,0.2407130002975464,0,1,0.9996110200881958,0.027375999838113785,-0.005249999929219484,0,-0.02726699970662594,0.9994320273399353,0.019809000194072723,0,0.005789000075310469,-0.019657999277114868,0.9997900128364563,0,0,0.2751010060310364,0,1,0.9999679923057556,0.007720000110566616,0.0022980000358074903,0,-0.007935999892652035,0.9930930137634277,0.11706399917602539,0,-0.0013780000153928995,-0.11707799881696701,0.9931219816207886,0,0,0.3094879984855652,0,1,0.9997109770774841,-0.0045540002174675465,-0.023615000769495964,0,0.0014059999957680702,0.9912949800491333,-0.1316549926996231,0,0.02400900050997734,0.13158400356769562,0.9910140037536621,0,0,0.15292400121688843,-0.0011180000146850944,1,0.282166987657547,0.01990799978375435,-0.9591590166091919,0,0.8316599726676941,-0.5034760236740112,0.23420900106430054,0,-0.47825101017951965,-0.8637800216674805,-0.15862099826335907,0,0.10886099934577942,0.27235299348831177,-0.0016169999726116657,1,0.9413390159606934,0.2944149971008301,-0.16492700576782227,0,-0.07963299751281738,0.6687219738960266,0.739234983921051,0,0.32793301343917847,-0.6827369928359985,0.6529390215873718,0,0,0.2262520045042038,0,1,0.9996749758720398,0.02530200034379959,0.003131000092253089,0,-0.025304000824689865,0.9996799826622009,0.0007239999831654131,0,-0.0031109999399632215,-0.0008030000026337802,0.9999949932098389,0,0,0.560837984085083,0,1,0.9453650116920471,-0.004683999810367823,0.32597899436950684,0,-0.021852999925613403,0.9967380166053772,0.07769499719142914,0,-0.32528001070022583,-0.08057399839162827,0.9421790242195129,0,0,0.4560370147228241,0,1,0.8694400191307068,0.4794830083847046,-0.11903700232505798,0,-0.4319460093975067,0.8547149896621704,0.287896990776062,0,0.23978400230407715,-0.1988919973373413,0.9502339959144592,0,-0.08322200179100037,0.06543400138616562,0,1,0.9065849781036377,-0.37392398715019226,-0.19566600024700165,0,0.3745259940624237,0.9265419840812683,-0.03534900024533272,0,0.19451099634170532,-0.041234999895095825,0.9800329804420471,0,-0.006360999774187803,0.08445300161838531,0,1,0.9646109938621521,-0.20026999711990356,0.1715169996023178,0,0.23492799699306488,0.9481250047683716,-0.2141679972410202,0,-0.11972799897193909,0.24688300490379333,0.9616199731826782,0,0.00915099959820509,0.09665299952030182,0,1,0.9978179931640625,0.06517399847507477,0.010603999719023705,0,-0.06601399928331375,0.9882100224494934,0.13814100623130798,0,-0.001475999946705997,-0.13853999972343445,0.9903560280799866,0,0,0.11323200166225433,0.0015119999879971147,1,0.9999189972877502,-0.012648000381886959,-0.0017000000225380063,0,0.01257999986410141,0.9544399976730347,0.2981390058994293,0,-0.002148000057786703,-0.29813599586486816,0.9545210003852844,0,0.003246000036597252,0.15143999457359314,0,1,0.999064028263092,0.04322899878025055,-0.0017130000051110983,0,-0.042566001415252686,0.9892879724502563,0.13963599503040314,0,0.0077309999614953995,-0.13943299651145935,0.9902009963989258,0,-0.003218000056222081,0.11913099884986877,0,1,0.2621940076351166,-0.01970599964261055,0.9648140072822571,0,-0.8157029747962952,-0.5387459993362427,0.21066799759864807,0,0.515637993812561,-0.8422380089759827,-0.1573300063610077,0,-0.10886099934577942,0.2723180055618286,0.0001939999929163605,1,0.8704460263252258,-0.36409899592399597,0.331292986869812,0,0.07647199928760529,0.7648450136184692,0.6396600008010864,0,-0.486286997795105,-0.5314549803733826,0.6935999989509583,0,0,0.2262520045042038,0,1,0.9931719899177551,-0.11581599712371826,-0.013999000191688538,0,0.11584900319576263,0.9932659864425659,0.001601999974809587,0,0.013718999922275543,-0.0032130000181496143,0.9999009966850281,0,0,0.5606709718704224,0,1,0.9936460256576538,0.012482999823987484,-0.11185699701309204,0,-0.0018870000494644046,0.9955379962921143,0.09434100240468979,0,0.11253499984741211,-0.09352999925613403,0.9892359972000122,0,0,0.4562090039253235,0,1,0.9025589823722839,-0.4155629873275757,0.11267299950122833,0,0.371955007314682,0.8843399882316589,0.2821190059185028,0,-0.2168789952993393,-0.21272000670433044,0.9527400135993958,0,0.07626300305128098,0.07689099758863449,0,1,0.8697819709777832,0.4611310064792633,0.17560699582099915,0,-0.4622209966182709,0.8859859704971313,-0.03714999929070473,0,-0.17271600663661957,-0.04885699972510338,0.9837589859962463,0,0.015768999233841896,0.08518999814987183,0,1,0.9659309983253479,-0.2295610010623932,-0.11949600279331207,0,0.17952799797058105,0.9269269704818726,-0.3295089900493622,0,0.18640699982643127,0.2968299984931946,0.9365599751472473,0,0.0038819999899715185,0.09520799666643143,0,1,0.9972919821739197,-0.07340099662542343,-0.004631999880075455,0,0.07335499674081802,0.9881550073623657,0.13478900492191315,0,-0.0053170002065598965,-0.13476300239562988,0.9908639788627625,0,0,0.11284700036048889,0.0026950000319629908,1,0.999783992767334,0.020654000341892242,0.002397000091150403,0,-0.02043299935758114,0.9546059966087341,0.2971709966659546,0,0.0038499999791383743,-0.2971560060977936,0.954820990562439,0,-0.004110999871045351,0.15492799878120422,0,1,0.9980090260505676,-0.06300699710845947,0.002735000103712082,0,0.06201399862766266,0.988319993019104,0.1392039954662323,0,-0.011474000290036201,-0.13875700533390045,0.9902600049972534,0,0.004586999770253897,0.1223910003900528,0,1,-0.9527249932289124,-0.152989000082016,0.26250699162483215,0,0.18800799548625946,-0.9755529761314392,0.11379200220108032,0,0.23868100345134735,0.15776599943637848,0.9581969976425171,0,0.187049001455307,-0.11460500210523605,-0.0032820000778883696,1,0.9986810088157654,0.03927699849009514,0.03307199850678444,0,-0.028951000422239304,0.9626860022544861,-0.2690669894218445,0,-0.042406000196933746,0.26775500178337097,0.9625530242919922,0,0,0.5946940183639526,0,1,0.9827889800071716,-0.02544100023806095,0.1829729974269867,0,-0.13430699706077576,0.5816590189933777,0.8022680282592773,0,-0.12683799862861633,-0.8130350112915039,0.5682309865951538,0,0,0.5307940244674683,0,1,0.999468982219696,-0.0037980000488460064,0.03236300125718117,0,-0.018890000879764557,0.7417320013046265,0.6704310178756714,0,-0.026551000773906708,-0.6706860065460205,0.7412660121917725,0,0,0.36083701252937317,0,1,-0.9868230223655701,-0.02565700002014637,-0.15975600481033325,0,0.04409699887037277,-0.992618978023529,-0.11297199875116348,0,-0.15567800402641296,-0.11852800101041794,0.9806709885597229,0,-0.187049001455307,-0.11460500210523605,0.0013620000099763274,1,0.9843360185623169,-0.005894000176340342,-0.17620499432086945,0,-0.0005680000176653266,0.9993299841880798,-0.03659899905323982,0,0.17630299925804138,0.036125000566244125,0.9836729764938354,0,0,0.5951849818229675,0,1,0.9761710166931152,-0.0614360012114048,-0.20812499523162842,0,0.20673300325870514,0.5548350214958191,0.805866003036499,0,0.06596600264310837,-0.8296890258789062,0.5543149709701538,0,0,0.5309349894523621,0,1,0.9992660284042358,0.0060800001956522465,-0.0378279983997345,0,0.02236500009894371,0.709073007106781,0.7047809958457947,0,0.03110799938440323,-0.7051090002059937,0.7084159851074219,0,0,0.3575519919395447,0,1
K0.033,0.9943140149116516,-0.04889899864792824,0.09459199756383896,0,0.054726000875234604,0.9966959953308105,-0.06001899763941765,0,-0.09134499728679657,0.06485400348901749,0.9937049746513367,0,0.005867999978363514,1.4523320198059082,-0.002611999399960041,1,0.998960018157959,0.038479000329971313,-0.02444099821150303,0,-0.037494998425245285,0.9985150098800659,0.039517998695373535,0,0.02592499740421772,-0.03855999931693077,0.9989200234413147,0,0,0.20628799498081207,-0.003951000049710274,1,0.9996160268783569,0.027296999469399452,-0.004820999223738909,0,-0.027194999158382416,0.9994249939918518,0.020229000598192215,0,0.0053709992207586765,-0.020090000703930855,0.999783992767334,0,0,0.2407130002975464,0,1,0.9996119737625122,0.02736400067806244,-0.005216998979449272,0,-0.02725600078701973,0.9994329810142517,0.01978899911046028,0,0.0057549988850951195,-0.019639000296592712,0.9997910261154175,0,0,0.2751010060310364,0,1,0.9999669790267944,0.007737000472843647,0.0022950000129640102,0,-0.007952000014483929,0.9930920004844666,0.1170710027217865,0,-0.0013729998609051108,-0.11708500236272812,0.9931210279464722,0,0,0.3094879984855652,0,1,0.9997109770774841,-0.004584000911563635,-0.023612000048160553,0,0.0014370008138939738,0.9913010001182556,-0.13161000609397888,0,0.024010000750422478,0.1315380036830902,0.9910200238227844,0,0,0.15292400121688843,-0.0011180000146850944,1,0.282243013381958,0.019905999302864075,-0.9591370224952698,0,0.8316969871520996,-0.5033760070800781,0.23429399728775024,0,-0.47814199328422546,-0.8638380169868469,-0.15862999856472015,0,0.10886099934577942,0.27235299348831177,-0.0016169999726116657,1,0.941286027431488,0.2944830060005188,-0.1651100069284439,0,-0.07951399683952332,0.6686679720878601,0.7392979860305786,0,0.32811400294303894,-0.6827620267868042,0.6528229713439941,0,0,0.2262520045042038,0,1,0.999675989151001,0.025252997875213623,0.003124999813735485,0,-0.025254998356103897,0.9996809959411621,0.0007229999173432589,0,-0.003105999669060111,-0.000801999936811626,0.9999949932098389,0,0,0.560837984085083,0,1,0.9453830122947693,-0.004780002404004335,0.32592499256134033,0,-0.021762998774647713,0.9967359900474548,0.0777449980378151,0,-0.32523301243782043,-0.08059199899435043,0.9421929717063904,0,0,0.4560370147228241,0,1,0.8694400191307068,0.4794830083847046,-0.11903700232505798,0,-0.4319460093975067,0.8547149896621704,0.2878980040550232,0,0.23978500068187714,-0.1988919973373413,0.9502339959144592,0,-0.08322200179100037,0.06543400138616562,0,1,0.9065849781036377,-0.37392398715019226,-0.19566600024700165,0,0.3745259940624237,0.9265419840812683,-0.035349998623132706,0,0.19451099634170532,-0.04123400151729584,0.9800329804420471,0,-0.006360999774187803,0.08445300161838531,0,1,0.9646109938621521,-0.20026999711990356,0.1715169996023178,0,0.23492799699306488,0.9481250047683716,-0.2141679972410202,0,-0.11972799897193909,0.24688300490379333,0.9616199731826782,0,0.00915099959820509,0.09665299952030182,0,1,0.9978179931640625,0.06517399847507477,0.010603999719023705,0,-0.06601399928331375,0.9882100224494934,0.13814100623130798,0,-0.001475999946705997,-0.13853900134563446,0.9903560280799866,0,0,0.11323200166225433,0.0015119999879971147,1,0.9999189972877502,-0.012648000381886959,-0.0017000000225380063,0,0.01257999986410141,0.9544399976730347,0.2981390058994293,0,-0.002148000057786703,-0.29813599586486816,0.9545210003852844,0,0.003246000036597252,0.15143999457359314,0,1,0.999064028263092,0.04322899878025055,-0.0017130000051110983,0,-0.04256699979305267,0.9892879724502563,0.13963599503040314,0,0.0077309999614953995,-0.13943199813365936,0.9902009963989258,0,-0.003218000056222081,0.11913099884986877,0,1,0.2622610032558441,-0.019711000844836235,0.9647960066795349,0,-0.8157809972763062,-0.538595974445343,0.2107509970664978,0,0.5154809951782227,-0.842333972454071,-0.15733300149440765,0,-0.10886099934577942,0.2723180055618286,0.0001939999929163605,1,0.870415985584259,-0.3641059994697571,0.3313640058040619,0,0.07647000253200531,0.7648929953575134,0.6396030187606812,0,-0.4863409996032715,-0.5313810110092163,0.6936190128326416,0,0,0.2262520045042038,0,1,0.993179976940155,-0.11574800312519073,-0.013992000371217728,0,0.11578100174665451,0.9932730197906494,0.001601999974809587,0,0.013712000101804733,-0.0032110000029206276,0.9999009966850281,0,0,0.5606709718704224,0,1,0.9936619997024536,0.0124719999730587,-0.1117129996418953,0,-0.001884999917820096,0.9955340027809143,0.09438200294971466,0,0.11239200085401535,-0.09357400238513947,0.9892479777336121,0,0,0.4562090039253235,0,1,0.9025589823722839,-0.4155629873275757,0.11267200112342834,0,0.3719559907913208,0.8843399882316589,0.2821190059185028,0,-0.2168789952993393,-0.21272000670433044,0.9527400135993958,0,0.07626300305128098,0.07689099758863449,0,1,0.8697819709777832,0.4611310064792633,0.17560699582099915,0,-0.4622209966182709,0.8859859704971313,-0.03714999929070473,0,-0.17271600663661957,-0.04885699972510338,0.9837589859962463,0,0.015768999233841896,0.08518999814987183,0,1,0.9659309983253479,-0.22956199944019318,-0.11949700117111206,0,0.17952799797058105,0.9269269704818726,-0.3295089900493622,0,0.18640699982643127,0.2968289852142334,0.9365599751472473,0,0.0038819999899715185,0.09520799666643143,0,1,0.9972919821739197,-0.07340200245380402,-0.004631999880075455,0,0.07335499674081802,0.9881550073623657,0.13478800654411316,0,-0.0053170002065598965,-0.13476300239562988,0.9908639788627625,0,0,0.11284700036048889,0.0026950000319629908,1,0.999783992767334,0.020654000341892242,0.002397000091150403,0,-0.02043299935758114,0.9546059966087341,0.2971709966659546,0,0.0038499999791383743,-0.2971560060977936,0.954820990562439,0,-0.004110999871045351,0.15492799878120422,0,1,0.9980090260505676,-0.06300800293684006,0.0027340000960975885,0,0.062015000730752945,0.988319993019104,0.1392039954662323,0,-0.011473000049591064,-0.13875700533390045,0.9902600049972534,0,0.004586999770253897,0.1223910003900528,0,1,-0.9527829885482788,-0.1529099941253662,0.26234200596809387,0,0.18800100684165955,-0.9755070209503174,0.11420000344514847,0,0.23845399916172028,0.15812799334526062,0.9581940174102783,0,0.187049001455307,-0.11460500210523605,-0.0032820000778883696,1,0.9986770153045654,0.03930800035595894,0.03316200524568558,0,-0.02894899994134903,0.9626389741897583,-0.2692370116710663,0,-0.04250600188970566,0.26792100071907043,0.9625030159950256,0,0,0.5946940183639526,0,1,0.982791006565094,-0.025364000350236893,0.1829719990491867,0,-0.13436299562454224,0.5815770030021667,0.8023189902305603,0,-0.1267620027065277,-0.8130959868431091,0.5681599974632263,0,0,0.5307940244674683,0,1,0.9994680285453796,-0.00380200007930398,0.032377999275922775,0,-0.01889899931848049,0.7416790127754211,0.6704890131950378,0,-0.026562999933958054,-0.6707450151443481,0.7412130236625671,0,0,0.36083701252937317,0,1,-0.98683100938797,-0.02572000026702881,-0.15969400107860565,0,0.044123999774456024,-0.9926379919052124,-0.1127920001745224,0,-0.15561699867248535,-0.11835300177335739,0.9807019829750061,0,-0.187049001455307,-0.11460500210523605,0.0013620000099763274,1,0.9843369722366333,-0.0058529991656541824,-0.17619800567626953,0,-0.0005579993594437838,0.9993399977684021,-0.03631298989057541,0,0.17629499733448029,0.03584298864006996,0.9836850166320801,0,0,0.5951849818229675,0,1,0.9761620163917542,-0.061473000794649124,-0.2081580013036728,0,0.2067680060863495,0.5549989938735962,0.8057439923286438,0,0.06599599868059158,-0.8295770287513733,0.5544790029525757,0,0,0.5309349894523621,0,1,0.9992660284042358,0.006074999924749136,-0.03781000152230263,0,0.022353999316692352,0.7091360092163086,0.7047169804573059,0,0.03109399974346161,-0.7050449848175049,0.7084800004959106,0,0,0.3575519919395447,0,1
K0.067,0.994301974773407,-0.04887700080871582,0.09473299980163574,0,0.05469200015068054,0.9967120289802551,-0.059786003082990646,0,-0.09149999916553497,0.06462600082159042,0.9937059879302979,0,0.005878999829292297,1.452335000038147,-0.0025340006686747074,1,0.9989709854125977,0.038350000977516174,-0.02422800101339817,0,-0.03737900033593178,0.9985259771347046,0.039358001202344894,0,0.02570200152695179,-0.03841099888086319,0.9989309906959534,0,0,0.20628799498081207,-0.003951000049710274,1,0.9996169805526733,0.027264999225735664,-0.004733000881969929,0,-0.027163999155163765,0.9994270205497742,0.020176999270915985,0,0.00528100086376071,-0.020041000097990036,0.9997850060462952,0,0,0.2407130002975464,0,1,0.9996129870414734,0.02733200043439865,-0.0051290011033415794,0,-0.027225999161601067,0.9994339942932129,0.019735999405384064,0,0.00566500099375844,-0.019588999450206757,0.9997919797897339,0,0,0.2751010060310364,0,1,0.9999669790267944,0.00778299942612648,0.0022869999520480633,0,-0.0079969996586442,0.9930890202522278,0.11708799749612808,0,-0.0013600001111626625,-0.1171019971370697,0.9931190013885498,0,0,0.3094879984855652,0,1,0.9997109770774841,-0.0046589989215135574,-0.023605000227689743,0,0.001514999195933342,0.9913139939308167,-0.1315079927444458,0,0.024011999368667603,0.13143399357795715,0.9910339713096619,0,0,0.15292400121688843,-0.0011180000146850944,1,0.2824369966983795,0.019902000203728676,-0.9590790271759033,0,0.8317949771881104,-0.5031110048294067,0.23451299965381622,0,-0.47785601019859314,-0.8639929890632629,-0.15865199267864227,0,0.10886099934577942,0.27235299348831177,-0.0016169999726116657,1,0.9411470293998718,0.2946529984474182,-0.1655929982662201,0,-0.07919400185346603,0.6685240268707275,0.7394620180130005,0,0.32858800888061523,-0.6828290224075317,0.6525149941444397,0,0,0.2262520045042038,0,1,0.9996799826622009,0.025124002248048782,0.003111000172793865,0,-0.025126002728939056,0.9996839761734009,0.0007200000691227615,0,-0.003092000260949135,-0.0007980000809766352,0.9999949932098389,0,0,0.560837984085083,0,1,0.9454309940338135,-0.005033997818827629,0.32578399777412415,0,-0.021532000973820686,0.9967300295829773,0.07788600027561188,0,-0.32510998845100403,-0.08065000176429749,0.9422309994697571,0,0,0.4560370147228241,0,1,0.8694400191307068,0.4794830083847046,-0.11903700232505798,0,-0.4319460093975067,0.8547149896621704,0.2878980040550232,0,0.23978500068187714,-0.1988919973373413,0.9502339959144592,0,-0.08322200179100037,0.06543400138616562,0,1,0.9065849781036377,-0.37392398715019226,-0.19566600024700165,0,0.3745259940624237,0.9265419840812683,-0.03534900024533272,0,0.19450999796390533,-0.041234999895095825,0.9800329804420471,0,-0.006360999774187803,0.08445300161838531,0,1,0.9646109938621521,-0.20026999711990356,0.1715169996023178,0,0.23492799699306488,0.9481250047683716,-0.2141679972410202,0,-0.11972799897193909,0.24688300490379333,0.9616199731826782,0,0.00915099959820509,0.09665299952030182,0,1,0.9978179931640625,0.06517399847507477,0.010603999719023705,0,-0.06601399928331375,0.9882100224494934,0.13814100623130798,0,-0.0014750000555068254,-0.13853900134563446,0.9903560280799866,0,0,0.11323200166225433,0.0015119999879971147,1,0.9999189972877502,-0.012648000381886959,-0.0017010000301524997,0,0.01257999986410141,0.9544399976730347,0.2981390058994293,0,-0.002148000057786703,-0.29813599586486816,0.9545210003852844,0,0.003246000036597252,0.15143999457359314,0,1,0.999064028263092,0.04322899878025055,-0.0017130000051110983,0,-0.04256699979305267,0.9892870187759399,0.13963599503040314,0,0.0077309999614953995,-0.13943299651145935,0.9902009963989258,0,-0.003218000056222081,0.11913099884986877,0,1,0.2624259889125824,-0.019725000485777855,0.9647510051727295,0,-0.8159850239753723,-0.5382069945335388,0.21095499396324158,0,0.5150740146636963,-0.8425819873809814,-0.15733499825000763,0,-0.10886099934577942,0.2723180055618286,0.0001939999929163605,1,0.8703380227088928,-0.3641270101070404,0.33154699206352234,0,0.0764710009098053,0.7650189995765686,0.6394510269165039,0,-0.4864810109138489,-0.53118497133255,0.6936699748039246,0,0,0.2262520045042038,0,1,0.9932000041007996,-0.11557500064373016,-0.01397200021892786,0,0.11560899764299393,0.9932940006256104,0.0016009999671950936,0,0.013693000189960003,-0.0032049999572336674,0.9999009966850281,0,0,0.5606709718704224,0,1,0.9937040209770203,0.01243900042027235,-0.11134699732065201,0,-0.0018740000668913126,0.995523989200592,0.09448999911546707,0,0.11202400177717209,-0.09368599951267242,0.9892789721488953,0,0,0.4562090039253235,0,1,0.9025589823722839,-0.4155629873275757,0.11267299950122833,0,0.3719559907913208,0.8843399882316589,0.2821190059185028,0,-0.2168789952993393,-0.21272000670433044,0.9527400135993958,0,0.07626300305128098,0.07689099758863449,0,1,0.8697819709777832,0.4611310064792633,0.17560699582099915,0,-0.4622209966182709,0.8859859704971313,-0.03714999929070473,0,-0.17271600663661957,-0.04885699972510338,0.9837589859962463,0,0.015768999233841896,0.08518999814987183,0,1,0.9659309983253479,-0.22956199944019318,-0.11949600279331207,0,0.17952799797058105,0.9269269704818726,-0.3295080065727234,0,0.18640699982643127,0.2968289852142334,0.9365599751472473,0,0.0038819999899715185,0.09520799666643143,0,1,0.9972919821739197,-0.07340200245380402,-0.004631000105291605,0,0.07335499674081802,0.9881550073623657,0.13478900492191315,0,-0.0053170002065598965,-0.13476300239562988,0.9908639788627625,0,0,0.11284700036048889,0.0026950000319629908,1,0.999783992767334,0.020654000341892242,0.002397000091150403,0,-0.02043299935758114,0.9546059966087341,0.2971700131893158,0,0.0038499999791383743,-0.2971549928188324,0.954820990562439,0,-0.004110999871045351,0.15492799878120422,0,1,0.9980090260505676,-0.06300800293684006,0.002735000103712082,0,0.06201399862766266,0.988319993019104,0.1392039954662323,0,-0.011474000290036201,-0.13875700533390045,0.9902600049972534,0,0.004586999770253897,0.1223910003900528,0,1,-0.9528200030326843,-0.1528490036725998,0.26224198937416077,0,0.18798500299453735,-0.9754800200462341,0.1144540011882782,0,0.23831699788570404,0.15835100412368774,0.9581909775733948,0,0.187049001455307,-0.11460500210523605,-0.0032820000778883696,1,0.9986690282821655,0.03933500126004219,0.033372994512319565,0,-0.028908999636769295,0.9625750184059143,-0.2694700062274933,0,-0.042723994702100754,0.26814699172973633,0.9624300003051758,0,0,0.5946940183639526,0,1,0.9827929735183716,-0.02528499998152256,0.18297399580478668,0,-0.13443699479103088,0.581404983997345,0.8024309873580933,0,-0.12667100131511688,-0.8132209777832031,0.5680009722709656,0,0,0.5307940244674683,0,1,0.9994680285453796,-0.00380899989977479,0.03240299969911575,0,-0.01891399919986725,0.7415900230407715,0.6705859899520874,0,-0.026583999395370483,-0.6708419919013977,0.7411239743232727,0,0,0.36083701252937317,0,1,-0.9868429899215698,-0.02575399912893772,-0.15961599349975586,0,0.04418899863958359,-0.992605984210968,-0.1130480021238327,0,-0.15552499890327454,-0.11861400306224823,0.9806849956512451,0,-0.187049001455307,-0.11460500210523605,0.0013620000099763274,1,0.9843310117721558,-0.005741001106798649,-0.17623700201511383,0,-0.0004940006183460355,0.9993759989738464,-0.035317011177539825,0,0.17632900178432465,0.034851010888814926,0.9837139844894409,0,0,0.5951849818229675,0,1,0.9761620163917542,-0.06158699840307236,-0.20812100172042847,0,0.20677100121974945,0.555374026298523,0.8054839968681335,0,0.06597699970006943,-0.8293169736862183,0.5548700094223022,0,0,0.5309349894523621,0,1,0.9992679953575134,0.006066000089049339,-0.037783000618219376,0,0.02233700081706047,0.7092360258102417,0.7046170234680176,0,0.031072000041604042,-0.7049450278282166,0.7085809707641602,0,0,0.3575519919395447,0,1
