1.900,30,56,41
B0,mixamorig_Hips,-1,0.6286740303039551,-0.005984993651509285,-0.7758870720863342,0,0.3088738024234772,0.9188160300254822,0.24440428614616394,0,0.711575984954834,-0.3941655158996582,0.5791968107223511,0,0.05592963099479675,1.1487653255462646,0.3701708912849426,1
B1,mixamorig_Spine,0,0.9962076544761658,0.04382070526480675,-0.07384305447340012,0,-0.030625684186816216,0.9846817255020142,0.1708059459924698,0,0.08034814894199371,-0.16788573563098907,0.9824717044830322,0,0,0.20628799498081207,-0.003951000049710274,1
B2,mixamorig_Spine1,1,0.9971115589141846,0.045767638832330704,-0.06001204997301102,0,-0.03512084111571312,0.9850863218307495,0.1680072396993637,0,0.0668836385011673,-0.1654382050037384,0.9839091897010803,0,0,0.2407130002975464,0,1
B3,mixamorig_Spine2,2,0.9969902038574219,0.0480266734957695,-0.06025993824005127,0,-0.03735802322626114,0.9851185083389282,0.16733938455581665,0,0.06747705489397049,-0.16460835933685303,0.9840080738067627,0,0,0.2751010060310364,0,1
B4,mixamorig_Neck,3,0.9369853138923645,0.24630413949489594,0.2460888773202896,0,-0.2801799774169922,0.9525899887084961,0.11268416792154312,0,-0.20752130448818207,-0.17465373873710632,0.9621819853782654,0,0,0.3094879984855652,0,1
B5,mixamorig_Head,4,0.440395325422287,0.5506107211112976,0.7076787352561951,0,0.22271917760372162,0.6965402364730835,-0.6816046237945557,0,-0.8685298562049866,0.45759105682373047,0.18491816520690918,0,0,0.15292400121688843,-0.0011180000146850944,1
B6,mixamorig_HeadTop_End,5,1,0,0,0,0,1,0,0,0,0,1,0,0,1.1334810256958008,-0.008286000229418278,1
B7,mixamorig_LeftShoulder,3,0.261711448431015,0.0463937446475029,-0.9628300666809082,0,0.943172037601471,-0.217909038066864,0.24606074392795563,0,-0.19847415387630463,-0.9747779369354248,-0.10018181800842285,0,0.10886099934577942,0.27235299348831177,-0.0016169999726116657,1
B8,mixamorig_LeftArm,7,0.8984143137931824,0.31657344102859497,-0.3042483925819397,0,-0.19118867814540863,0.9050527215003967,0.37806519865989685,0,0.3949373662471771,-0.28151029348373413,0.873692512512207,0,0,0.2262520045042038,0,1
B9,mixamorig_LeftForeArm,8,-0.06271735578775406,0.9969185590744019,0.03222538158297539,0,-0.9969285726547241,-0.06368464231491089,0.02992403320968151,0,0.03191942349076271,-0.03024919703602791,0.9990319013595581,0,0,0.560837984085083,0,1
B10,mixamorig_LeftHand,9,0.7855164408683777,0.14640183746814728,-0.6006098985671997,0,-0.4185483753681183,0.8408972024917603,-0.3417450189590454,0,0.4557479918003082,0.5197931528091431,0.7219936847686768,0,0,0.4560370147228241,0,1
B11,mixamorig_LeftHandThumb1,10,0.8923271894454956,0.4397769868373871,-0.10172499716281891,0,-0.4026150107383728,0.8773289918899536,0.26113998889923096,0,0.20408999919891357,-0.1920669972896576,0.9599260091781616,0,-0.08322200179100037,0.06543400138616562,0,1
B12,mixamorig_LeftHandThumb2,11,0.99965900182724,0.026086000725626945,0.0006980000180192292,0,-0.026081999763846397,0.9979439973831177,0.05854000151157379,0,0.0008299999753944576,-0.05853800103068352,0.9982849955558777,0,-0.006360999774187803,0.08445300161838531,0,1
B13,mixamorig_LeftHandThumb3,12,0.9849510192871094,-0.17270199954509735,0.0068259998224675655,0,0.17283399403095245,0.9843890070915222,-0.033279165625572205,0,-0.0009720000089146197,0.03395799919962883,0.9994230270385742,0,0.00915099959820509,0.09665299952030182,0,1
B14,mixamorig_LeftHandThumb4,13,1,0,0,0,0,1,0,0,0,0,1,0,-0.0027910000644624233,0.07388699799776077,0,1
B15,mixamorig_LeftHandIndex1,10,0.9995449781417847,0.030141999945044518,0.00072900002123788,0,-0.030047999694943428,0.9938259720802307,0.1068039983510971,0,0.0024941652081906796,-0.10677699744701385,0.9942799806594849,0,0,0.11323200166225433,0.0015119999879971147,1
B16,mixamorig_LeftHandIndex2,15,0.999243974685669,-0.03885599970817566,-0.0009889999637380242,0,0.038777999579906464,0.9948539733886719,0.09360100328922272,0,-0.002652999944984913,-0.09356900304555893,0.9956089854240417,0,0.003246000036597252,0.15143999457359314,0,1
B17,mixamorig_LeftHandIndex3,16,0.9994999766349792,0.03150016441941261,-0.002753000007942319,0,-0.03133700042963028,0.9984099864959717,0.04685400053858757,0,0.004224999807775021,-0.04674400016665459,0.9988980293273926,0,-0.003218000056222081,0.11913099884986877,0,1
B18,mixamorig_LeftHandIndex4,17,1,0,0,0,0,1,0,0,0,0,1,0,-0.000028000000384054147,0.09968400001525879,0,1
B19,mixamorig_RightShoulder,3,0.5981417894363403,-0.18991148471832275,0.778479814529419,0,-0.8011952042579651,-0.13313768804073334,0.5831570029258728,0,-0.007040321361273527,-0.972675085067749,-0.23169268667697906,0,-0.10886099934577942,0.2723180055618286,0.0001939999929163605,1
B20,mixamorig_RightArm,19,0.7408441305160522,-0.5176156759262085,-0.42134881019592285,0,0.5536977648735046,0.8303253054618835,-0.03874876722693443,0,0.36993688344955444,-0.20645523071289062,0.9018071293830872,0,0,0.2262520045042038,0,1
B21,mixamorig_RightForeArm,20,-0.19990135729312897,-0.9788092970848083,-0.02536652237176895,0,0.9788312911987305,-0.20041942596435547,0.019818181172013283,0,-0.024509338662028313,-0.020868154242634773,0.9994817972183228,0,0,0.5606709718704224,0,1
B22,mixamorig_RightHand,21,0.6578656435012817,-0.01500737015157938,0.7499960660934448,0,0.15861093997955322,0.9800297617912292,-0.1194547638297081,0,-0.7331923842430115,0.19825971126556396,0.647103488445282,0,0,0.4562090039253235,0,1
B23,mixamorig_RightHandThumb1,22,0.9023190140724182,-0.41679099202156067,0.11003000289201736,0,0.3817969858646393,0.8912109732627869,0.2448969930410385,0,-0.20013083517551422,-0.1789660006761551,0.9632859826087952,0,0.07626300305128098,0.07689099758863449,0,1
B24,mixamorig_RightHandThumb2,23,0.9296640157699585,0.36069101095199585,-0.07501299679279327,0,-0.34546083211898804,0.924232006072998,0.1626410037279129,0,0.12799200415611267,-0.1252879947423935,0.9838299751281738,0,0.015768999233841896,0.08518999814987183,0,1
B25,mixamorig_RightHandThumb3,24,0.9849830269813538,-0.14661799371242523,-0.09117300063371658,0,0.14478999376296997,0.9891110062599182,-0.026381000876426697,0,0.09404800087213516,0.012783999554812908,0.9954860210418701,0,0.0038819999899715185,0.09520799666643143,0,1
B26,mixamorig_RightHandThumb4,25,1,0,0,0,0,1,0,0,0,0,1,0,-0.019650999456644058,0.06658300012350082,0,1
B27,mixamorig_RightHandIndex1,22,0.995038628578186,-0.08983665704727173,-0.04255463927984238,0,0.09259341657161713,0.6819595098495483,0.7245027422904968,0,-0.0362137034535408,-0.7248491644859314,0.6869075298309326,0,0,0.11284700036048889,0.0026950000319629908,1
B28,mixamorig_RightHandIndex2,27,0.9999802708625793,0.004604562185704708,0.002080444945022464,0,-0.0050438870675861835,0.842825710773468,0.5370098948478699,0,0.0005969573394395411,-0.537013053894043,0.8428446054458618,0,-0.004110999871045351,0.15492799878120422,0,1
B29,mixamorig_RightHandIndex3,28,0.9974106550216675,-0.07188265770673752,-0.0007979271467775106,0,0.06922375410795212,0.9573854804039001,0.27983903884887695,0,-0.019384140148758888,-0.27916857600212097,0.9598861336708069,0,0.004586999770253897,0.1223910003900528,0,1
B30,mixamorig_RightHandIndex4,29,1,0,0,0,0,1,0,0,0,0,1,0,-0.00047599998652003706,0.09364800155162811,0,1
B31,mixamorig_LeftUpLeg,0,-0.9594252109527588,-0.19432349503040314,0.20353753864765167,0,0.22902926802635193,-0.11979546397924423,0.9658408761024475,0,-0.16320693492889404,0.9735154509544373,0.15929223597049713,0,0.187049001455307,-0.11460500210523605,-0.0032820000778883696,1
B32,mixamorig_LeftLeg,31,0.9836392998695374,-0.16494175791740417,-0.07235705107450485,0,-0.0258188359439373,0.26831671595573425,-0.962810754776001,0,0.17816594243049622,0.9489468336105347,0.2596777081489563,0,0,0.5946940183639526,0,1
B33,mixamorig_LeftFoot,32,0.9732998609542847,-0.14352011680603027,-0.17508766055107117,0,0.2099558413028717,0.2838926613330841,0.9348812699317932,0,-0.08444315195083618,-0.948052704334259,0.30638062953948975,0,0,0.5307940244674683,0,1
B34,mixamorig_LeftToeBase,33,0.9998729825019836,0,0.01596600003540516,0,-0.009673000313341618,0.7955901622772217,0.6057578325271606,0,-0.01270283479243517,-0.6058350205421448,0.7954890131950378,0,0,0.36083701252937317,0,1
B35,mixamorig_LeftToe_End,34,1,0,0,0,0,1,0,0,0,0,1,0,0,0.13561199605464935,0,1
B36,mixamorig_RightUpLeg,0,-0.8574845194816589,0.4113636612892151,-0.3032504618167877,0,-0.4435398578643799,-0.3066522479057312,0.8419432640075684,0,0.2533704340457916,0.8565047979354858,0.44530948996543884,0,-0.187049001455307,-0.11460500210523605,0.0013620000099763274,1
B37,mixamorig_RightLeg,36,0.9890665411949158,-0.003809154499322176,0.14647673070430756,0,0.0938917025923729,0.7822869420051575,-0.604893684387207,0,-0.11371215432882309,0.6120235919952393,0.7740858793258667,0,0,0.5951849818229675,0,1
B38,mixamorig_RightFoot,37,0.9476180076599121,0.29839152097702026,-0.11380069702863693,0,-0.10135786235332489,0.6192038059234619,0.7774690389633179,0,0.30244967341423035,-0.7252117395401001,0.6170129179954529,0,0,0.5309349894523621,0,1
B39,mixamorig_RightToeBase,38,0.999908983707428,0,-0.01350099965929985,0,0.008256999775767326,0.7911829948425293,0.6115239858627319,0,0.0106819998472929,-0.6115800142288208,0.7911109924316406,0,0,0.3575519919395447,0,1
B40,mixamorig_RightToe_End,39,1,0,0,0,0,1,0,0,0,0,1,0,0,0.13513900339603424,0,1
@34,0,1,2,3,4,5,7,8,9,10,11,12,13,15,16,17,19,20,21,22,23,24,25,27,28,29,31,32,33,34,36,37,38,39
K0.000,0.8054220080375671,-0.10912500321865082,0.5825690031051636,0,-0.08442000299692154,0.9517620205879211,0.2949950098991394,0,-0.5866590142250061,-0.28677600622177124,0.7573580145835876,0,0.34116700291633606,1.3421189785003662,-0.20687299966812134,1,0.9971330165863037,-0.07375799864530563,0.016919000074267387,0,0.07085999846458435,0.9885380268096924,0.13331100344657898,0,-0.026558000594377518,-0.13173000514507294,0.9909300208091736,0,0,0.20628799498081207,-0.003951000049710274,1,0.9992070198059082,-0.03915899991989136,0.007187000010162592,0,0.037964001297950745,0.9915170073509216,0.12430500239133835,0,-0.011993000283837318,-0.12393400073051453,0.992218017578125,0,0,0.2407130002975464,0,1,0.9992210268974304,-0.03909900039434433,0.005423000082373619,0,0.03812199831008911,0.9915030002593994,0.1243709996342659,0,-0.01023900043219328,-0.1240679994225502,0.9922209978103638,0,0,0.2751010060310364,0,1,0.9950230121612549,-0.08667899668216705,-0.04914899915456772,0,0.09322900325059891,0.9839509725570679,0.15214699506759644,0,0.0351720005273819,-0.15597200393676758,0.9871349930763245,0,0,0.3094879984855652,0,1,0.9879040122032166,0.04854400083422661,-0.14727400243282318,0,-0.14221100509166718,0.6622610092163086,-0.7356529831886292,0,0.06182200089097023,0.7476990222930908,0.6611539721488953,0,0,0.15292400121688843,-0.0011180000146850944,1,0.08089999854564667,0.03435499966144562,-0.9961299896240234,0,0.9404910206794739,-0.3335689902305603,0.06487700343132019,0,-0.3300490081310272,-0.9420989751815796,-0.059296999126672745,0,0.10886099934577942,0.27235299348831177,-0.0016169999726116657,1,0.7965329885482788,0.5222939848899841,-0.3045389950275421,0,-0.5960929989814758,0.5942530035972595,-0.5399410128593445,0,-0.10103499889373779,0.611615002155304,0.7846779823303223,0,0,0.2262520045042038,0,1,0.37316301465034485,0.9275680184364319,0.019142000004649162,0,-0.9275779724121094,0.3725920021533966,0.027842000126838684,0,0.018693000078201294,-0.028145000338554382,0.9994289875030518,0,0,0.560837984085083,0,1,0.6764019727706909,0.19047899544239044,-0.7114760279655457,0,-0.3697650134563446,0.9232460260391235,-0.10436099767684937,0,0.6369889974594116,0.3336690068244934,0.6949179768562317,0,0,0.4560370147228241,0,1,0.8923270106315613,0.4397769868373871,-0.10172499716281891,0,-0.4026150107383728,0.8773289918899536,0.26113998889923096,0,0.20408999919891357,-0.1920669972896576,0.9599260091781616,0,-0.08322200179100037,0.06543400138616562,0,1,0.99965900182724,0.02608500048518181,0.0006980000180192292,0,-0.026081999763846397,0.9979439973831177,0.058538999408483505,0,0.0008299999753944576,-0.05853800103068352,0.9982849955558777,0,-0.006360999774187803,0.08445300161838531,0,1,0.9849510192871094,-0.17270100116729736,0.0068259998224675655,0,0.17283399403095245,0.9843890070915222,-0.03327900171279907,0,-0.0009720000089146197,0.03395799919962883,0.9994230270385742,0,0.00915099959820509,0.09665299952030182,0,1,0.9995449781417847,0.030143000185489655,0.00072900002123788,0,-0.030047999694943428,0.9938259720802307,0.1068039983510971,0,0.0024949999060481787,-0.10677699744701385,0.9942799806594849,0,0,0.11323200166225433,0.0015119999879971147,1,0.999243974685669,-0.03885599970817566,-0.0009879999561235309,0,0.038777999579906464,0.9948539733886719,0.09360100328922272,0,-0.0026539999525994062,-0.09356900304555893,0.9956089854240417,0,0.003246000036597252,0.15143999457359314,0,1,0.9994999766349792,0.03150099888443947,-0.0027540000155568123,0,-0.03133799880743027,0.9984099864959717,0.04685400053858757,0,0.004224999807775021,-0.04674400016665459,0.9988980293273926,0,-0.003218000056222081,0.11913099884986877,0,1,0.2978140115737915,-0.0990459993481636,0.9494720101356506,0,-0.9466959834098816,-0.15855899453163147,0.2804029881954193,0,0.12277500331401825,-0.9823690056800842,-0.14098699390888214,0,-0.10886099934577942,0.2723180055618286,0.0001939999929163605,1,0.8186889886856079,-0.3903689980506897,-0.42114201188087463,0,0.5411350131034851,0.7698699831962585,0.3383390009403229,0,0.19214700162410736,-0.5048890113830566,0.8415259718894958,0,0,0.2262520045042038,0,1,0.12080399692058563,-0.9924970269203186,-0.018874000757932663,0,0.9925190210342407,0.12042400240898132,0.02009500004351139,0,-0.01767200045287609,-0.021159999072551727,0.9996200203895569,0,0,0.5606709718704224,0,1,0.5008350014686584,0.020062999799847603,0.86531001329422,0,0.14693500101566315,0.9832500219345093,-0.10784199833869934,0,-0.8529800176620483,0.1811559945344925,0.48949798941612244,0,0,0.4562090039253235,0,1,0.9023190140724182,-0.4167900085449219,0.11003000289201736,0,0.3817969858646393,0.8912109732627869,0.24489599466323853,0,-0.20013000071048737,-0.1789660006761551,0.9632859826087952,0,0.07626300305128098,0.07689099758863449,0,1,0.9296640157699585,0.36069101095199585,-0.07501299679279327,0,-0.3454599976539612,0.924232006072998,0.1626410037279129,0,0.12799200415611267,-0.1252879947423935,0.9838299751281738,0,0.015768999233841896,0.08518999814987183,0,1,0.9849830269813538,-0.14661799371242523,-0.09117300063371658,0,0.14478999376296997,0.9891110062599182,-0.026381000876426697,0,0.09404800087213516,0.012783999554812908,0.9954860210418701,0,0.0038819999899715185,0.09520799666643143,0,1,0.9994639754295349,-0.032150998711586,0.006194000132381916,0,0.031564999371767044,0.9963949918746948,0.07873900234699249,0,-0.008702999912202358,-0.07850100100040436,0.9968760013580322,0,0,0.11284700036048889,0.0026950000319629908,1,0.9979479908943176,0.0639830008149147,-0.0024300001095980406,0,-0.0639830008149147,0.9979509711265564,0.00009100000170292333,0,0.0024309998843818903,0.00006500000017695129,0.9999970197677612,0,-0.004110999871045351,0.15492799878120422,0,1,0.999068021774292,-0.04289200156927109,0.004891000222414732,0,0.042892999947071075,0.9990800023078918,0.00002700000004551839,0,-0.0048870001919567585,0.0001829999964684248,0.9999880194664001,0,0.004586999770253897,0.1223910003900528,0,1,-0.8177809715270996,-0.18561600148677826,0.5447760224342346,0,0.5531550049781799,-0.5148540139198303,0.6549389958381653,0,0.1589130014181137,0.8369420170783997,0.5237119793891907,0,0.187049001455307,-0.11460500210523605,-0.0032820000778883696,1,0.9959380030632019,0.010575000196695328,0.08941999822854996,0,0.054152000695466995,0.7230749726295471,-0.6886439919471741,0,-0.07193999737501144,0.6906890273094177,0.7195649743080139,0,0,0.5946940183639526,0,1,0.9635059833526611,-0.20225100219249725,0.17535999417304993,0,-0.013818000443279743,0.6166380047798157,0.7871249914169312,0,-0.26732999086380005,-0.7608230113983154,0.5913400053977966,0,0,0.5307940244674683,0,1,0.9998239874839783,-0.0005430000019259751,0.01875000074505806,0,-0.011142999865114689,0.7869009971618652,0.6169779896736145,0,-0.01508999988436699,-0.6170780062675476,0.7867569923400879,0,0,0.36083701252937317,0,1,-0.9264780282974243,0.3146969974040985,-0.2064090073108673,0,-0.3742929995059967,-0.7132149934768677,0.5926460027694702,0,0.03928999975323677,0.6263309717178345,0.7785670161247253,0,-0.187049001455307,-0.11460500210523605,0.0013620000099763274,1,0.9967169761657715,0.08096499741077423,0.0005760000203736126,0,-0.05383199825882912,0.6679739952087402,-0.742235004901886,0,-0.06047999858856201,0.7397670149803162,0.6701400279998779,0,0,0.5951849818229675,0,1,0.9007740020751953,0.4168910086154938,-0.12168999761343002,0,-0.05918800085783005,0.39543598890304565,0.9165850281715393,0,0.43023601174354553,-0.8184329867362976,0.3808729946613312,0,0,0.5309349894523621,0,1,0.9999070167541504,0.00002700000004551839,-0.013646000064909458,0,0.008332000114023685,0.7907360196113586,0.6121010184288025,0,0.01080700010061264,-0.6121580004692078,0.7906619906425476,0,0,0.3575519919395447,0,1
K0.033,0.8051879405975342,-0.09329776465892792,0.5856350660324097,0,-0.07659001648426056,0.9629151225090027,0.25870561599731445,0,-0.5880540609359741,-0.2531607151031494,0.7681810855865479,0,0.3411438465118408,1.3369919061660767,-0.21867607533931732,1,0.998071014881134,-0.061470936983823776,0.00874689593911171,0,0.05994095280766487,0.9906629920005798,0.12245184183120728,0,-0.016192881390452385,-0.12169085443019867,0.9924359917640686,0,0,0.20628799498081207,-0.003951000049710274,1,0.9993910193443298,-0.03474395349621773,0.0030999297741800547,0,0.034138962626457214,0.9924749732017517,0.11759191006422043,0,-0.007161922287195921,-0.11741390824317932,0.9930570125579834,0,0,0.2407130002975464,0,1,0.9993979930877686,-0.0346449539065361,0.0016979334177449346,0,0.034204963594675064,0.9924709796905518,0.11760791391134262,0,-0.005758925341069698,-0.11747890710830688,0.993058979511261,0,0,0.2751010060310364,0,1,0.9836499691009521,-0.17210538685321808,-0.053034935146570206,0,0.17607533931732178,0.9809119701385498,0.08251912146806717,0,0.03782108798623085,-0.09050814062356949,0.9951770305633545,0,0,0.3094879984855652,0,1,0.9891700744628906,0.07791873067617416,-0.1243848130106926,0,-0.14355365931987762,0.6901814937591553,-0.7092545628547668,0,0.03058413416147232,0.719428539276123,0.6938924193382263,0,0,0.15292400121688843,-0.0011180000146850944,1,0.04650187864899635,0.03172396495938301,-0.9984139800071716,0,0.9324769973754883,-0.3598080277442932,0.0319988951086998,0,-0.358223021030426,-0.9324870109558105,-0.046313926577568054,0,0.10886099934577942,0.27235299348831177,-0.0016169999726116657,1,0.6727926731109619,0.6493335366249084,-0.35456550121307373,0,-0.7171072363853455,0.45449018478393555,-0.5283895134925842,0,-0.18195413053035736,0.609758198261261,0.7714185118675232,0,0,0.2262520045042038,0,1,0.48229095339775085,0.875867486000061,0.015866031870245934,0,-0.8758764863014221,0.48181894421577454,0.026290014386177063,0,0.015382030978798866,-0.02657601423561573,0.9995279908180237,0,0,0.560837984085083,0,1,0.5824943780899048,0.26418614387512207,-0.7687039375305176,0,-0.38041993975639343,0.9243460297584534,0.02940882183611393,0,0.7183176875114441,0.27530065178871155,0.6389279961585999,0,0,0.4560370147228241,0,1,0.8923270106315613,0.4397769868373871,-0.10172499716281891,0,-0.4026150107383728,0.8773289918899536,0.26114100217819214,0,0.20408999919891357,-0.1920669972896576,0.9599260091781616,0,-0.08322200179100037,0.06543400138616562,0,1,0.99965900182724,0.026086000725626945,0.0006980000180192292,0,-0.026081999763846397,0.9979439973831177,0.058538999408483505,0,0.0008299999753944576,-0.05853800103068352,0.9982849955558777,0,-0.006360999774187803,0.08445300161838531,0,1,0.9849510192871094,-0.17270199954509735,0.0068259998224675655,0,0.17283399403095245,0.9843890070915222,-0.03327900171279907,0,-0.0009720000089146197,0.03395799919962883,0.9994230270385742,0,0.00915099959820509,0.09665299952030182,0,1,0.9995449781417847,0.030143000185489655,0.00072900002123788,0,-0.030047999694943428,0.9938259720802307,0.1068039983510971,0,0.0024949999060481787,-0.10677699744701385,0.9942799806594849,0,0,0.11323200166225433,0.0015119999879971147,1,0.999243974685669,-0.03885599970817566,-0.0009879999561235309,0,0.038777999579906464,0.9948539733886719,0.09360100328922272,0,-0.0026539999525994062,-0.09356799721717834,0.9956089854240417,0,0.003246000036597252,0.15143999457359314,0,1,0.9994999766349792,0.03150099888443947,-0.0027540000155568123,0,-0.03133799880743027,0.9984099864959717,0.04685400053858757,0,0.004224999807775021,-0.04674400016665459,0.9988980293273926,0,-0.003218000056222081,0.11913099884986877,0,1,0.3106530010700226,-0.10594498366117477,0.9446009993553162,0,-0.9483219981193542,-0.10214581340551376,0.30042001605033875,0,0.06465882062911987,-0.9891120195388794,-0.1322019249200821,0,-0.10886099934577942,0.2723180055618286,0.0001939999929163605,1,0.8739106059074402,-0.19182594120502472,-0.44663292169570923,0,0.35404279828071594,0.8807783126831055,0.31445592641830444,0,0.3330641984939575,-0.43293458223342896,0.8376371264457703,0,0,0.2262520045042038,0,1,0.04398856312036514,-0.9988229274749756,-0.020429030060768127,0,0.9988449215888977,0.04357555881142616,0.020222999155521393,0,-0.01930902898311615,-0.02129499986767769,0.9995869994163513,0,0,0.5606709718704224,0,1,0.7626433968544006,0.025597266852855682,0.64631187915802,0,0.1020093709230423,0.9819519519805908,-0.15926042199134827,0,-0.6387239098548889,0.1873881071805954,0.7462683320045471,0,0,0.4562090039253235,0,1,0.9023190140724182,-0.41679099202156067,0.11003000289201736,0,0.3817969858646393,0.8912109732627869,0.2448969930410385,0,-0.20013000071048737,-0.1789660006761551,0.9632859826087952,0,0.07626300305128098,0.07689099758863449,0,1,0.9296640157699585,0.36069101095199585,-0.07501299679279327,0,-0.34546101093292236,0.924232006072998,0.1626410037279129,0,0.12799300253391266,-0.1252879947423935,0.9838299751281738,0,0.015768999233841896,0.08518999814987183,0,1,0.9849830269813538,-0.14661799371242523,-0.09117300063371658,0,0.14478999376296997,0.9891110062599182,-0.026381000876426697,0,0.09404800087213516,0.012783999554812908,0.9954860210418701,0,0.0038819999899715185,0.09520799666643143,0,1,0.9994639754295349,-0.032152000814676285,0.006194000132381916,0,0.031564999371767044,0.9963949918746948,0.07873900234699249,0,-0.008702999912202358,-0.07850100100040436,0.9968760013580322,0,0,0.11284700036048889,0.0026950000319629908,1,0.9979479908943176,0.0639830008149147,-0.0024300001095980406,0,-0.0639830008149147,0.9979509711265564,0.00009100000170292333,0,0.0024309998843818903,0.00006500000017695129,0.9999970197677612,0,-0.004110999871045351,0.15492799878120422,0,1,0.999068021774292,-0.04289200156927109,0.004891000222414732,0,0.042892999947071075,0.9990800023078918,0.00002700000004551839,0,-0.0048870001919567585,0.0001829999964684248,0.9999880194664001,0,0.004586999770253897,0.1223910003900528,0,1,-0.8159540295600891,-0.18222220242023468,0.5486469268798828,0,0.550294041633606,-0.5356751680374146,0.6404908299446106,0,0.17718496918678284,0.8245278000831604,0.5373622179031372,0,0.187049001455307,-0.11460500210523605,-0.0032820000778883696,1,0.9965469837188721,0.005998953711241484,0.08281508088111877,0,0.053402114659547806,0.7174357771873474,-0.694574236869812,0,-0.06358100473880768,0.69659823179245,0.7146377563476562,0,0,0.5946940183639526,0,1,0.9656479954719543,-0.19135214388370514,0.1758059859275818,0,-0.018466956913471222,0.6243148446083069,0.780954122543335,0,-0.25919613242149353,-0.757374107837677,0.5993348360061646,0,0,0.5307940244674683,0,1,0.9998149871826172,-0.0006440001307055354,0.019247999414801598,0,-0.011409999802708626,0.7853299975395203,0.6189720034599304,0,-0.015514000318944454,-0.6190770268440247,0.7851769924163818,0,0,0.36083701252937317,0,1,-0.903698742389679,0.3781754672527313,-0.20078116655349731,0,-0.4281374514102936,-0.7923704981803894,0.4345642626285553,0,0.005248236004263163,0.47867652773857117,0.877975583076477,0,-0.187049001455307,-0.11460500210523605,0.0013620000099763274,1,0.9976270198822021,0.017458036541938782,-0.06660371273756027,0,-0.06274078786373138,0.6289414763450623,-0.7749165892601013,0,0.028361817821860313,0.7772566080093384,0.6285445094108582,0,0,0.5951849818229675,0,1,0.8787217736244202,0.4661594033241272,-0.10267885029315948,0,-0.056780897080898285,0.31566229462623596,0.9471712112426758,0,0.47394439578056335,-0.8264700174331665,0.3038482964038849,0,0,0.5309349894523621,0,1,0.9998900294303894,0.0002489986945874989,-0.01482299342751503,0,0.008946996182203293,0.7870810031890869,0.6167849898338318,0,0.011819994077086449,-0.6168500185012817,0.7869920134544373,0,0,0.3575519919395447,0,1
K0.067,0.8015270829200745,-0.06963823735713959,0.5938899517059326,0,-0.07844098657369614,0.9723668694496155,0.21988338232040405,0,-0.592790961265564,-0.22282829880714417,0.7739169597625732,0,0.3266911506652832,1.3230421543121338,-0.22664692997932434,1,0.9984790086746216,-0.05510106310248375,-0.0016858963062986732,0,0.054966047406196594,0.9927759766578674,0.1066521555185318,0,-0.0042031193152070045,-0.10658314824104309,0.9942950010299683,0,0,0.20628799498081207,-0.003951000049710274,1,0.9995359778404236,-0.03021104447543621,-0.003931930288672447,0,0.03045903705060482,0.9936349987983704,0.10845509171485901,0,0.0006299226079136133,-0.10852508991956711,0.9940940141677856,0,0,0.2407130002975464,0,1,0.9995369911193848,-0.03001604601740837,-0.004958933684974909,0,0.03037603758275509,0.9936379790306091,0.10844408720731735,0,0.0016719262348487973,-0.10854408890008926,0.9940900206565857,0,0,0.2751010060310364,0,1,0.976533055305481,-0.21021363139152527,-0.04683906212449074,0,0.21020665764808655,0.9776430726051331,-0.005130128934979439,0,0.0468699112534523,-0.004835851490497589,0.9988889694213867,0,0,0.3094879984855652,0,1,0.993109941482544,0.05087926983833313,-0.10556718707084656,0,-0.10861235111951828,0.7379004955291748,-0.6661124229431152,0,0.044006865471601486,0.6729894876480103,0.7383425831794739,0,0,0.15292400121688843,-0.0011180000146850944,1,0.03427812457084656,0.028556032106280327,-0.9990040063858032,0,0.9319450259208679,-0.3619549572467804,0.02163110300898552,0,-0.3609769642353058,-0.9317579865455627,-0.03902006894350052,0,0.10886099934577942,0.27235299348831177,-0.0016169999726116657,1,0.6450402736663818,0.701324462890625,-0.30342552065849304,0,-0.7388887405395508,0.47118982672691345,-0.4816884696483612,0,-0.19484886527061462,0.534905731678009,0.8221365213394165,0,0,0.2262520045042038,0,1,0.37952402234077454,0.9249874949455261,0.018950970843434334,0,-0.9249964952468872,0.3789590001106262,0.02776498533785343,0,0.018499968573451042,-0.028066985309123993,0.9994350075721741,0,0,0.560837984085083,0,1,0.6202026605606079,0.17779786884784698,-0.7640260457992554,0,-0.37354305386543274,0.9233970046043396,-0.08833982795476913,0,0.6897932887077332,0.34018534421920776,0.6391090154647827,0,0,0.4560370147228241,0,1,0.8923270106315613,0.4397769868373871,-0.10172499716281891,0,-0.4026150107383728,0.8773289918899536,0.26114100217819214,0,0.20408999919891357,-0.1920669972896576,0.9599260091781616,0,-0.08322200179100037,0.06543400138616562,0,1,0.99965900182724,0.026086000725626945,0.0006980000180192292,0,-0.026081999763846397,0.9979439973831177,0.058538999408483505,0,0.0008299999753944576,-0.05853800103068352,0.9982849955558777,0,-0.006360999774187803,0.08445300161838531,0,1,0.9849510192871094,-0.17270199954509735,0.0068259998224675655,0,0.17283399403095245,0.9843890070915222,-0.03327900171279907,0,-0.0009720000089146197,0.03395799919962883,0.9994230270385742,0,0.00915099959820509,0.09665299952030182,0,1,0.9995449781417847,0.030143000185489655,0.00072900002123788,0,-0.030047999694943428,0.9938259720802307,0.1068039983510971,0,0.0024949999060481787,-0.10677699744701385,0.9942799806594849,0,0,0.11323200166225433,0.0015119999879971147,1,0.999243974685669,-0.03885599970817566,-0.0009889999637380242,0,0.038777999579906464,0.9948539733886719,0.09360100328922272,0,-0.0026539999525994062,-0.09356900304555893,0.9956089854240417,0,0.003246000036597252,0.15143999457359314,0,1,0.9994999766349792,0.03150099888443947,-0.0027540000155568123,0,-0.03133700042963028,0.9984099864959717,0.04685400053858757,0,0.004224999807775021,-0.04674400016665459,0.9988980293273926,0,-0.003218000056222081,0.11913099884986877,0,1,0.3104589879512787,-0.10461701452732086,0.9448130130767822,0,-0.9494220018386841,-0.08331618458032608,0.3027479648590088,0,0.047046173363924026,-0.9910159707069397,-0.1251920759677887,0,-0.10886099934577942,0.2723180055618286,0.0001939999929163605,1,0.9342043995857239,0.11406795680522919,-0.3380090594291687,0,0.035876162350177765,0.9126557111740112,0.40715107321739197,0,0.35492879152297974,-0.39248937368392944,0.8485148549079895,0,0,0.2262520045042038,0,1,-0.0998595729470253,-0.9947280883789062,-0.023340970277786255,0,0.9947500824928284,-0.10033456981182098,0.02013999968767166,0,-0.02237597107887268,-0.02120799943804741,0.9995250105857849,0,0,0.5606709718704224,0,1,0.9006546139717102,0.05218973383307457,0.43138813972473145,0,0.039245620369911194,0.9789340496063232,-0.20036859810352325,0,-0.43275806307792664,0.19739389419555664,0.8796336650848389,0,0,0.4562090039253235,0,1,0.9023190140724182,-0.41679099202156067,0.11003000289201736,0,0.3817969858646393,0.8912109732627869,0.2448969930410385,0,-0.20013000071048737,-0.1789660006761551,0.9632859826087952,0,0.07626300305128098,0.07689099758863449,0,1,0.9296640157699585,0.36069101095199585,-0.07501299679279327,0,-0.34546101093292236,0.924232006072998,0.1626410037279129,0,0.12799200415611267,-0.1252879947423935,0.9838299751281738,0,0.015768999233841896,0.08518999814987183,0,1,0.9849830269813538,-0.14661799371242523,-0.09117300063371658,0,0.14478999376296997,0.9891110062599182,-0.026381000876426697,0,0.09404800087213516,0.012783999554812908,0.9954860210418701,0,0.0038819999899715185,0.09520799666643143,0,1,0.9994639754295349,-0.032150998711586,0.006192999891936779,0,0.031564999371767044,0.9963949918746948,0.07873900234699249,0,-0.008702999912202358,-0.07850100100040436,0.9968760013580322,0,0,0.11284700036048889,0.0026950000319629908,1,0.9979479908943176,0.0639830008149147,-0.0024300001095980406,0,-0.0639830008149147,0.9979509711265564,0.00009100000170292333,0,0.0024309998843818903,0.00006500000017695129,0.9999970197677612,0,-0.004110999871045351,0.15492799878120422,0,1,0.999068021774292,-0.04289200156927109,0.004891000222414732,0,0.042892999947071075,0.9990800023078918,0.00002700000004551839,0,-0.0048870001919567585,0.0001829999964684248,0.9999880194664001,0,0.004586999770253897,0.1223910003900528,0,1,-0.8136259913444519,-0.20238180458545685,0.5450270771980286,0,0.5545579195022583,-0.5516528487205505,0.6230121850967407,0,0.17457902431488037,0.8091481924057007,0.5610717535018921,0,0.187049001455307,-0.11460500210523605,-0.0032820000778883696,1,0.9958149790763855,0.0013710459461435676,0.09137792140245438,0,0.06499988585710526,0.6922332644462585,-0.7187407612800598,0,-0.0642399936914444,0.721672773361206,0.6892472505569458,0,0,0.5946940183639526,0,1,0.9628239870071411,-0.20620284974575043,0.17450201511383057,0,-0.014217042364180088,0.6064141988754272,0.7950218915939331,0,-0.26975587010383606,-0.7679468989372253,0.5809381604194641,0,0,0.5307940244674683,0,1,0.999813973903656,-0.0006529999081976712,0.01928899995982647,0,-0.011432000435888767,0.7851979732513428,0.6191400289535522,0,-0.015549999661743641,-0.6192449927330017,0.7850440144538879,0,0,0.36083701252937317,0,1,-0.8778002262115479,0.4266425371170044,-0.2178158313035965,0,-0.4737165570259094,-0.8406585454940796,0.2624596953392029,0,-0.07113224267959595,0.3335704207420349,0.9400374293327332,0,-0.187049001455307,-0.11460500210523605,0.0013620000099763274,1,0.9990659952163696,0.02110896445810795,-0.037701286375522614,0,-0.0419992059469223,0.679441511631012,-0.7325274348258972,0,0.010153180919587612,0.7334263920783997,0.6796934604644775,0,0,0.5951849818229675,0,1,0.8572182655334473,0.5074715614318848,-0.08746214956045151,0,-0.0463981032371521,0.24526770412921906,0.9683447480201721,0,0.5128586292266846,-0.8260239958763123,0.233793705701828,0,0,0.5309349894523621,0,1,0.9998999834060669,0.00011700131290126592,-0.014130006544291973,0,0.008584003895521164,0.7892360091209412,0.6140300035476685,0,0.011224005371332169,-0.6140900254249573,0.7891560196876526,0,0,0.3575519919395447,0,1
K0.100,0.7764779925346375,-0.04652399942278862,0.6284239888191223,0,-0.09021999686956406,0.9787889719009399,0.18393799662590027,0,-0.6236519813537598,-0.199521005153656,0.755810022354126,0,0.3136940002441406,1.3090009689331055,-0.23706400394439697,1,0.9982759952545166,-0.05681600049138069,-0.014740998856723309,0,0.05783500149846077,0.9949719905853271,0.0817670002579689,0,0.010020999237895012,-0.08247900009155273,0.9965419769287109,0,0,0.20628799498081207,-0.003951000049710274,1,0.9995229840278625,-0.027834000065922737,-0.013346999883651733,0,0.028950000181794167,0.9953060150146484,0.09234900027513504,0,0.010714000090956688,-0.09269099682569504,0.9956369996070862,0,0,0.2407130002975464,0,1,0.9995219707489014,-0.027372000738978386,-0.014359000138938427,0,0.028582999482750893,0.9953200221061707,0.0923129990696907,0,0.01176500041037798,-0.09267900139093399,0.9956269860267639,0,0,0.2751010060310364,0,1,0.9842879772186279,-0.17024299502372742,-0.04684299975633621,0,0.16775000095367432,0.9844130277633667,-0.05283699557185173,0,0.055107999593019485,0.044148996472358704,0.9975039958953857,0,0,0.3094879984855652,0,1,0.990801990032196,-0.040727995336055756,-0.12904199957847595,0,-0.05013100430369377,0.7752919793128967,-0.629610002040863,0,0.12568800151348114,0.6302890181541443,0.7661190032958984,0,0,0.15292400121688843,-0.0011180000146850944,1,0.04430900141596794,0.025981999933719635,-0.9986799955368042,0,0.9407340288162231,-0.33754101395606995,0.03295699879527092,0,-0.3362390100955963,-0.9409520030021667,-0.03939799964427948,0,0.10886099934577942,0.27235299348831177,-0.0016169999726116657,1,0.6993150115013123,0.6802219748497009,-0.2196750044822693,0,-0.6965829730033875,0.5795379877090454,-0.42297500371932983,0,-0.16040700674057007,0.4488140046596527,0.8791109919548035,0,0,0.2262520045042038,0,1,0.1896900087594986,0.981535017490387,0.02464899979531765,0,-0.981544017791748,0.1889520138502121,0.029462000355124474,0,0.024260999634861946,-0.02978299930691719,0.9992619752883911,0,0,0.560837984085083,0,1,0.6958270072937012,0.054708003997802734,-0.7161229848861694,0,-0.3462570011615753,0.8991180062294006,-0.26775500178337097,0,0.6292309761047363,0.43427398800849915,0.6445729732513428,0,0,0.4560370147228241,0,1,0.8923280239105225,0.4397769868373871,-0.10172499716281891,0,-0.4026150107383728,0.8773289918899536,0.26113998889923096,0,0.20408999919891357,-0.1920669972896576,0.9599260091781616,0,-0.08322200179100037,0.06543400138616562,0,1,0.99965900182724,0.026086000725626945,0.0006980000180192292,0,-0.026081999763846397,0.9979439973831177,0.05854000151157379,0,0.000830999983008951,-0.05853800103068352,0.9982849955558777,0,-0.006360999774187803,0.08445300161838531,0,1,0.9849510192871094,-0.17270100116729736,0.0068259998224675655,0,0.17283299565315247,0.9843890070915222,-0.03327900171279907,0,-0.0009720000089146197,0.03395799919962883,0.9994230270385742,0,0.00915099959820509,0.09665299952030182,0,1,0.9995449781417847,0.030141999945044518,0.00072900002123788,0,-0.030047999694943428,0.9938259720802307,0.1068039983510971,0,0.0024949999060481787,-0.10677699744701385,0.9942799806594849,0,0,0.11323200166225433,0.0015119999879971147,1,0.999243974685669,-0.03885599970817566,-0.0009889999637380242,0,0.038777999579906464,0.9948539733886719,0.09360100328922272,0,-0.0026539999525994062,-0.09356900304555893,0.9956089854240417,0,0.003246000036597252,0.15143999457359314,0,1,0.9994999766349792,0.03150099888443947,-0.002753000007942319,0,-0.03133700042963028,0.9984099864959717,0.04685400053858757,0,0.004224999807775021,-0.04674400016665459,0.9988980293273926,0,-0.003218000056222081,0.11913099884986877,0,1,0.2910189926624298,-0.10004899650812149,0.9514709711074829,0,-0.9539920091629028,-0.10535500198602676,0.2807120084762573,0,0.07215700298547745,-0.9893890023231506,-0.12610599398612976,0,-0.10886099934577942,0.2723180055618286,0.0001939999929163605,1,0.922124981880188,0.35387998819351196,-0.1563810110092163,0,-0.22742098569869995,0.8227819800376892,0.5208740234375,0,0.31299498677253723,-0.4447470009326935,0.8391870260238647,0,0,0.2262520045042038,0,1,-0.1650869995355606,-0.9859709739685059,-0.024661999195814133,0,0.9859930276870728,-0.16559000313282013,0.01996299996972084,0,-0.02376599982380867,-0.021020999178290367,0.9994969964027405,0,0,0.5606709718704224,0,1,0.9888700246810913,0.05126100033521652,0.13967400789260864,0,-0.01994199864566326,0.9759690165519714,-0.2169959992170334,0,-0.14744001626968384,0.21179500222206116,0.9661279916763306,0,0,0.4562090039253235,0,1,0.9023190140724182,-0.41679099202156067,0.11003000289201736,0,0.3817969858646393,0.8912109732627869,0.2448969930410385,0,-0.20013000071048737,-0.1789660006761551,0.9632859826087952,0,0.07626300305128098,0.07689099758863449,0,1,0.9296640157699585,0.36069101095199585,-0.07501299679279327,0,-0.3454599976539612,0.924232006072998,0.1626410037279129,0,0.12799300253391266,-0.1252879947423935,0.9838299751281738,0,0.015768999233841896,0.08518999814987183,0,1,0.9849830269813538,-0.14661799371242523,-0.09117300063371658,0,0.14478999376296997,0.9891110062599182,-0.026381000876426697,0,0.09404800087213516,0.012783999554812908,0.9954860210418701,0,0.0038819999899715185,0.09520799666643143,0,1,0.9994639754295349,-0.032152000814676285,0.006194000132381916,0,0.031564999371767044,0.9963949918746948,0.07873900234699249,0,-0.008702999912202358,-0.07850100100040436,0.9968760013580322,0,0,0.11284700036048889,0.0026950000319629908,1,0.9979479908943176,0.0639830008149147,-0.0024300001095980406,0,-0.0639830008149147,0.9979509711265564,0.00009100000170292333,0,0.0024309998843818903,0.00006399999983841553,0.9999970197677612,0,-0.004110999871045351,0.15492799878120422,0,1,0.999068021774292,-0.04289200156927109,0.004891000222414732,0,0.042892999947071075,0.9990800023078918,0.00002700000004551839,0,-0.0048870001919567585,0.0001829999964684248,0.9999880194664001,0,0.004586999770253897,0.1223910003900528,0,1,-0.8030340075492859,-0.2280229926109314,0.550583004951477,0,0.5696499943733215,-0.5650680065155029,0.59682297706604,0,0.175026997923851,0.7929090261459351,0.5836619734764099,0,0.187049001455307,-0.11460500210523605,-0.0032820000778883696,1,0.993179976940155,0.0061599998734891415,0.11643099784851074,0,0.08310700207948685,0.662992000579834,-0.7439990043640137,0,-0.08177600055932999,0.7486010193824768,0.657958984375,0,0,0.5946940183639526,0,1,0.9607399702072144,-0.2166370004415512,0.1733420044183731,0,-0.013008000329136848,0.5889080166816711,0.8080949783325195,0,-0.27714601159095764,-0.7786239981651306,0.5629690289497375,0,0,0.5307940244674683,0,1,0.9998130202293396,-0.0006580000044777989,0.01931600086390972,0,-0.011447000317275524,0.7851139903068542,0.6192460060119629,0,-0.015572999604046345,-0.6193510293960571,0.7849599719047546,0,0,0.36083701252937317,0,1,-0.854058027267456,0.47766000032424927,-0.2059759944677353,0,-0.5087890028953552,-0.8494849801063538,0.13967600464820862,0,-0.10825599730014801,0.22408999502658844,0.9685369729995728,0,-0.187049001455307,-0.11460500210523605,0.0013620000099763274,1,0.9988610148429871,0.047572001814842224,-0.0037600016221404076,0,-0.03846300020813942,0.755948007106781,-0.6535000205039978,0,-0.02824699878692627,0.6529009938240051,0.7569169998168945,0,0,0.5951849818229675,0,1,0.8492149710655212,0.5190010070800781,-0.09731700271368027,0,-0.03065199963748455,0.23243600130081177,0.9721279740333557,0,0.5271559953689575,-0.8225640058517456,0.21329699456691742,0,0,0.5309349894523621,0,1,0.999908983707428,0,-0.01350099965929985,0,0.008256999775767326,0.7911829948425293,0.6115239858627319,0,0.0106819998472929,-0.6115800142288208,0.7911109924316406,0,0,0.3575519919395447,0,1
