3.833,30,114,41
B0,mixamorig_Hips,-1,0.9574612975120544,-0.05417885631322861,0.28341713547706604,0,-0.03368198126554489,0.9545034766197205,0.29627954959869385,0,-0.2865753173828125,-0.293224036693573,0.9120745658874512,0,0.14078034460544586,1.2768638134002686,-0.06012523174285889,1
B1,mixamorig_Spine,0,0.9975956678390503,-0.021366599947214127,0.06587997823953629,0,0.009257825091481209,0.9838299751281738,0.1788618564605713,0,-0.06863582879304886,-0.17782355844974518,0.9816629886627197,0,0,0.20628799498081207,-0.003951000049710274,1
B2,mixamorig_Spine1,1,0.9989296793937683,-0.0016459765611216426,0.046185802668333054,0,-0.005742779467254877,0.9872035384178162,0.15935833752155304,0,-0.045856352895498276,-0.1594543308019638,0.9861375093460083,0,0,0.2407130002975464,0,1
B3,mixamorig_Spine2,2,0.9991068243980408,-0.0017485009739175439,0.04218847304582596,0,-0.005044023506343365,0.9870496988296509,0.16033142805099487,0,-0.04192231595516205,-0.16040199995040894,0.9861589670181274,0,0,0.2751010060310364,0,1
B4,mixamorig_Neck,3,0.999334454536438,-0.032762765884399414,-0.015996400266885757,0,0.032228242605924606,0.9989462494850159,-0.03263005614280701,0,0.017047906294465065,0.03209250047802925,0.9993395209312439,0,0,0.3094879984855652,0,1
B5,mixamorig_Head,4,0.9969061613082886,0.030562840402126312,-0.07239217311143875,0,-0.0760626271367073,0.6067540645599365,-0.7912309765815735,0,0.019736021757125854,0.7942918539047241,0.6072019338607788,0,0,0.15292400121688843,-0.0011180000146850944,1
B6,mixamorig_HeadTop_End,5,1,0,0,0,0,1,0,0,0,0,1,0,0,1.1334810256958008,-0.008286000229418278,1
B7,mixamorig_LeftShoulder,3,-0.03822512552142143,0.017285091802477837,-0.9991195797920227,0,0.901614785194397,-0.43050238490104675,-0.0419430173933506,0,-0.4308483302593231,-0.9024240970611572,0.0008713959832675755,0,0.10886099934577942,0.27235299348831177,-0.0016169999726116657,1
B8,mixamorig_LeftArm,7,0.9316452145576477,0.3176513612270355,0.17635148763656616,0,-0.36305370926856995,0.8323360681533813,0.4188099801540375,0,-0.013748105615377426,-0.4542013108730316,0.8907709121704102,0,0,0.2262520045042038,0,1
B9,mixamorig_LeftForeArm,8,0.13584616780281067,0.9903799891471863,0.026265298947691917,0,-0.9903898239135742,0.13505904376506805,0.029727285727858543,0,0.025894122198224068,-0.03005128540098667,0.999212920665741,0,0,0.560837984085083,0,1
B10,mixamorig_LeftHand,9,0.6515833735466003,-0.0781816765666008,-0.7545343041419983,0,-0.3824044466018677,0.8251045942306519,-0.4157416522502899,0,0.655064046382904,0.5594286918640137,0.5077434778213501,0,0,0.4560370147228241,0,1
B11,mixamorig_LeftHandThumb1,10,0.8923270106315613,0.4397769868373871,-0.10172499716281891,0,-0.40261518955230713,0.8773289918899536,0.2611401677131653,0,0.20408999919891357,-0.1920669972896576,0.9599260091781616,0,-0.08322200179100037,0.06543400138616562,0,1
B12,mixamorig_LeftHandThumb2,11,0.99965900182724,0.02608582377433777,0.0006980000180192292,0,-0.026081999763846397,0.9979439973831177,0.058539822697639465,0,0.0008301768102683127,-0.05853800103068352,0.9982849955558777,0,-0.006360999774187803,0.08445300161838531,0,1
B13,mixamorig_LeftHandThumb3,12,0.9849510192871094,-0.17270100116729736,0.0068259998224675655,0,0.17283381521701813,0.9843890070915222,-0.03327900171279907,0,-0.0009720000089146197,0.03395799919962883,0.9994230270385742,0,0.00915099959820509,0.09665299952030182,0,1
B14,mixamorig_LeftHandThumb4,13,1,0,0,0,0,1,0,0,0,0,1,0,-0.0027910000644624233,0.07388699799776077,0,1
B15,mixamorig_LeftHandIndex1,10,0.9995449781417847,0.030142823234200478,0.00072900002123788,0,-0.030047999694943428,0.9938259720802307,0.10680317878723145,0,0.0024949999060481787,-0.10677699744701385,0.9942799806594849,0,0,0.11323200166225433,0.0015119999879971147,1
B16,mixamorig_LeftHandIndex2,15,0.999243974685669,-0.03885599970817566,-0.0009889999637380242,0,0.038777999579906464,0.9948539733886719,0.09360100328922272,0,-0.0026539999525994062,-0.09356900304555893,0.9956089854240417,0,0.003246000036597252,0.15143999457359314,0,1
B17,mixamorig_LeftHandIndex3,16,0.9994999766349792,0.03150099888443947,-0.002753000007942319,0,-0.03133782371878624,0.9984099864959717,0.04685400053858757,0,0.004224999807775021,-0.04674400016665459,0.9988980293273926,0,-0.003218000056222081,0.11913099884986877,0,1
B18,mixamorig_LeftHandIndex4,17,1,0,0,0,0,1,0,0,0,0,1,0,-0.000028000000384054147,0.09968400001525879,0,1
B19,mixamorig_RightShoulder,3,0.013980617746710777,-0.02525407075881958,0.9995819330215454,0,-0.9071706533432007,-0.4207552671432495,0.0020584603771567345,0,0.42052653431892395,-0.9068225026130676,-0.028791699558496475,0,-0.10886099934577942,0.2723180055618286,0.0001939999929163605,1
B20,mixamorig_RightArm,19,0.8215143084526062,-0.5651138424873352,-0.07586627453565598,0,0.4401569068431854,0.5439503788948059,0.714402437210083,0,-0.3624483346939087,-0.6202885508537292,0.6956059336662292,0,0,0.2262520045042038,0,1
B21,mixamorig_RightForeArm,20,-0.01568363606929779,-0.9996390342712402,-0.021636653691530228,0,0.9996610879898071,-0.016122104600071907,0.02023935317993164,0,-0.020581061020493507,-0.021312354132533073,0.9995607137680054,0,0,0.5606709718704224,0,1
B22,mixamorig_RightHand,21,0.9223828911781311,0.01732366904616356,0.3857610821723938,0,0.03256579115986824,0.9919440746307373,-0.12241379916667938,0,-0.3847742974758148,0.1254834234714508,0.9143882393836975,0,0,0.4562090039253235,0,1
B23,mixamorig_RightHandThumb1,22,0.9023190140724182,-0.41679099202156067,0.11003000289201736,0,0.3817969858646393,0.8912109732627869,0.2448969930410385,0,-0.20013000071048737,-0.1789660006761551,0.9632859826087952,0,0.07626300305128098,0.07689099758863449,0,1
B24,mixamorig_RightHandThumb2,23,0.9296640157699585,0.36069101095199585,-0.07501299679279327,0,-0.34546083211898804,0.924232006072998,0.1626410037279129,0,0.12799200415611267,-0.12528717517852783,0.9838299751281738,0,0.015768999233841896,0.08518999814987183,0,1
B25,mixamorig_RightHandThumb3,24,0.9849830269813538,-0.14661799371242523,-0.09117300063371658,0,0.14478999376296997,0.9891110062599182,-0.026381000876426697,0,0.09404800087213516,0.012783999554812908,0.9954860210418701,0,0.0038819999899715185,0.09520799666643143,0,1
B26,mixamorig_RightHandThumb4,25,1,0,0,0,0,1,0,0,0,0,1,0,-0.019650999456644058,0.06658300012350082,0,1
B27,mixamorig_RightHandIndex1,22,0.9994639754295349,-0.032152000814676285,0.006192999891936779,0,0.031564999371767044,0.9963949918746948,0.07873900234699249,0,-0.008702999912202358,-0.07850100100040436,0.9968760013580322,0,0,0.11284700036048889,0.0026950000319629908,1
B28,mixamorig_RightHandIndex2,27,0.9979479908943176,0.0639830008149147,-0.0024300001095980406,0,-0.0639830008149147,0.9979509711265564,0.00009100000170292333,0,0.0024309998843818903,0.00006500000017695129,0.9999970197677612,0,-0.004110999871045351,0.15492799878120422,0,1
B29,mixamorig_RightHandIndex3,28,0.999068021774292,-0.04289200156927109,0.004890176933258772,0,0.042892999947071075,0.9990800023078918,0.00002700000004551839,0,-0.0048870001919567585,0.0001829999964684248,0.9999880194664001,0,0.004586999770253897,0.1223910003900528,0,1
B30,mixamorig_RightHandIndex4,29,1,0,0,0,0,1,0,0,0,0,1,0,-0.00047599998652003706,0.09364800155162811,0,1
B31,mixamorig_LeftUpLeg,0,-0.8706219792366028,-0.3058192729949951,0.38534286618232727,0,0.49018457531929016,-0.47325456142425537,0.7319234013557434,0,-0.04146605357527733,0.8261210322380066,0.5619312524795532,0,0.187049001455307,-0.11460500210523605,-0.0032820000778883696,1
B32,mixamorig_LeftLeg,31,0.9935511946678162,-0.10500220954418182,-0.04276381433010101,0,0.026968304067850113,0.5852079391479492,-0.8104274272918701,0,0.11012543737888336,0.8040478825569153,0.5842652916908264,0,0,0.5946940183639526,0,1
B33,mixamorig_LeftFoot,32,0.9342691898345947,-0.32897305488586426,0.13754215836524963,0,0.009756864979863167,0.40917885303497314,0.9123978614807129,0,-0.3564344048500061,-0.8510823845863342,0.38549309968948364,0,0,0.5307940244674683,0,1
B34,mixamorig_LeftToeBase,33,0.9998082518577576,-0.0007105491240508854,0.019561227411031723,0,-0.011580586433410645,0.7843281030654907,0.6202234625816345,0,-0.01578175276517868,-0.6203311085700989,0.784169614315033,0,0,0.36083701252937317,0,1
B35,mixamorig_LeftToe_End,34,1,0,0,0,0,1,0,0,0,0,1,0,0,0.13561199605464935,0,1
B36,mixamorig_RightUpLeg,0,-0.8993922472000122,0.183286651968956,-0.39683640003204346,0,-0.4248164892196655,-0.5804046392440796,0.6947131752967834,0,-0.10297659784555435,0.79341721534729,0.599885106086731,0,-0.187049001455307,-0.11460500210523605,0.0013620000099763274,1
B37,mixamorig_RightLeg,36,0.9839139580726624,0.16783134639263153,0.061083707958459854,0,-0.043127238750457764,0.5551683902740479,-0.8306053280830383,0,-0.17332719266414642,0.81461501121521,0.5534868836402893,0,0,0.5951849818229675,0,1
B38,mixamorig_RightFoot,37,0.95011967420578,0.3067013919353485,-0.05659189820289612,0,-0.042755406349897385,0.3078480660915375,0.9504663944244385,0,0.3089277148246765,-0.9006408452987671,0.3056038022041321,0,0,0.5309349894523621,0,1
B39,mixamorig_RightToeBase,38,0.9998520016670227,0.0007099210633896291,-0.0171431303024292,0,0.010184061713516712,0.7797718048095703,0.6259578466415405,0,0.013808976858854294,-0.6260401606559753,0.7796498537063599,0,0,0.3575519919395447,0,1
B40,mixamorig_RightToe_End,39,1,0,0,0,0,1,0,0,0,0,1,0,0,0.13513900339603424,0,1
@34,0,1,2,3,4,5,7,8,9,10,11,12,13,15,16,17,19,20,21,22,23,24,25,27,28,29,31,32,33,34,36,37,38,39
K0.000,0.9578359723091125,-0.054044999182224274,0.2821879982948303,0,-0.033806998282670975,0.9541270136833191,0.2974880039691925,0,-0.2853200137615204,-0.2944850027561188,0.9120699763298035,0,0.14035099744796753,1.2765300273895264,-0.05983699858188629,1,0.9975259900093079,-0.021216999739408493,0.0670199990272522,0,0.008880999870598316,0.9837629795074463,0.1792529970407486,0,-0.06973499804735184,-0.17821399867534637,0.9815179705619812,0,0,0.20628799498081207,-0.003951000049710274,1,0.9988920092582703,-0.001484000007621944,0.04703599959611893,0,-0.006053999997675419,0.9871450066566467,0.15971200168132782,0,-0.046668000519275665,-0.15982000529766083,0.9860420227050781,0,0,0.2407130002975464,0,1,0.9990730285644531,-0.001588999992236495,0.04302699863910675,0,-0.005350999999791384,0.9869880080223083,0.16070400178432465,0,-0.042723000049591064,-0.1607850044965744,0.9860640168190002,0,0,0.2751010060310364,0,1,0.9993119835853577,-0.0333699993789196,-0.016203999519348145,0,0.032832998782396317,0.9989359974861145,-0.032370999455451965,0,0.017266999930143356,0.0318170003592968,0.9993450045585632,0,0,0.3094879984855652,0,1,0.996845006942749,0.030611999332904816,-0.07323300093412399,0,-0.07679399847984314,0.6052709817886353,-0.7923070192337036,0,0.020072000101208687,0.7954310178756714,0.6057119965553284,0,0,0.15292400121688843,-0.0011180000146850944,1,-0.03836499899625778,0.017240000888705254,-0.999114990234375,0,0.9016770124435425,-0.4303619861602783,-0.04205000028014183,0,-0.4307059943675995,-0.9024919867515564,0.0009660000214353204,0,0.10886099934577942,0.27235299348831177,-0.0016169999726116657,1,0.9318209886550903,0.31597501039505005,0.17852100729942322,0,-0.3625369966030121,0.8330050110816956,0.41793501377105713,0,-0.016651999205350876,-0.45416098833084106,0.8907639980316162,0,0,0.2262520045042038,0,1,0.13496200740337372,0.9905019998550415,0.026291999965906143,0,-0.9905120134353638,0.13417400419712067,0.02973099984228611,0,0.02592100016772747,-0.030054999515414238,0.9992120265960693,0,0,0.560837984085083,0,1,0.6517189741134644,-0.07721000164747238,-0.7545199990272522,0,-0.38631200790405273,0.8223050236701965,-0.41782400012016296,0,0.6527060270309448,0.5637840032577515,0.5060849785804749,0,0,0.4560370147228241,0,1,0.8923270106315613,0.4397769868373871,-0.10172499716281891,0,-0.4026150107383728,0.8773289918899536,0.26113998889923096,0,0.20408999919891357,-0.1920669972896576,0.9599260091781616,0,-0.08322200179100037,0.06543400138616562,0,1,0.99965900182724,0.026086000725626945,0.0006980000180192292,0,-0.026081999763846397,0.9979439973831177,0.05854000151157379,0,0.0008299999753944576,-0.05853800103068352,0.9982849955558777,0,-0.006360999774187803,0.08445300161838531,0,1,0.9849510192871094,-0.17270100116729736,0.0068259998224675655,0,0.17283399403095245,0.9843890070915222,-0.03327900171279907,0,-0.0009720000089146197,0.03395799919962883,0.9994230270385742,0,0.00915099959820509,0.09665299952030182,0,1,0.9995449781417847,0.030143000185489655,0.00072900002123788,0,-0.030047999694943428,0.9938259720802307,0.10680299997329712,0,0.0024949999060481787,-0.10677699744701385,0.9942799806594849,0,0,0.11323200166225433,0.0015119999879971147,1,0.999243974685669,-0.03885599970817566,-0.0009889999637380242,0,0.038777999579906464,0.9948539733886719,0.09360100328922272,0,-0.0026539999525994062,-0.09356900304555893,0.9956089854240417,0,0.003246000036597252,0.15143999457359314,0,1,0.9994999766349792,0.03150099888443947,-0.002753000007942319,0,-0.03133799880743027,0.9984099864959717,0.04685400053858757,0,0.004224999807775021,-0.04674400016665459,0.9988980293273926,0,-0.003218000056222081,0.11913099884986877,0,1,0.014659999869763851,-0.02542099915444851,0.9995689988136292,0,-0.9072960019111633,-0.4204840064048767,0.0026130001060664654,0,0.4202359914779663,-0.9069439768791199,-0.029229000210762024,0,-0.10886099934577942,0.2723180055618286,0.0001939999929163605,1,0.8209609985351562,-0.5658850073814392,-0.0761369988322258,0,0.4412580132484436,0.5441499948501587,0.7135769724845886,0,-0.3623729944229126,-0.6194149851799011,0.6964280009269714,0,0,0.2262520045042038,0,1,-0.016992000862956047,-0.9996209740638733,-0.0216630008071661,0,0.9996430277824402,-0.017431000247597694,0.020238999277353287,0,-0.020609000697731972,-0.02131200022995472,0.9995599985122681,0,0,0.5606709718704224,0,1,0.9241909980773926,0.017134999856352806,0.3815459907054901,0,0.03220999985933304,0.991936981678009,-0.12256799638271332,0,-0.3805699944496155,0.1255660057067871,0.9161880016326904,0,0,0.4562090039253235,0,1,0.9023190140724182,-0.41679099202156067,0.11003000289201736,0,0.3817969858646393,0.8912109732627869,0.2448969930410385,0,-0.20013000071048737,-0.1789660006761551,0.9632859826087952,0,0.07626300305128098,0.07689099758863449,0,1,0.9296640157699585,0.36069101095199585,-0.07501299679279327,0,-0.34546101093292236,0.924232006072998,0.1626410037279129,0,0.12799200415611267,-0.1252869963645935,0.9838299751281738,0,0.015768999233841896,0.08518999814987183,0,1,0.9849830269813538,-0.14661799371242523,-0.09117300063371658,0,0.14478999376296997,0.9891110062599182,-0.026381000876426697,0,0.09404800087213516,0.012783999554812908,0.9954860210418701,0,0.0038819999899715185,0.09520799666643143,0,1,0.9994639754295349,-0.032152000814676285,0.006192999891936779,0,0.031564999371767044,0.9963949918746948,0.07873900234699249,0,-0.008702999912202358,-0.07850100100040436,0.9968760013580322,0,0,0.11284700036048889,0.0026950000319629908,1,0.9979479908943176,0.0639830008149147,-0.0024300001095980406,0,-0.0639830008149147,0.9979509711265564,0.00009100000170292333,0,0.0024309998843818903,0.00006500000017695129,0.9999970197677612,0,-0.004110999871045351,0.15492799878120422,0,1,0.999068021774292,-0.04289200156927109,0.004889999981969595,0,0.042892999947071075,0.9990800023078918,0.00002700000004551839,0,-0.0048870001919567585,0.0001829999964684248,0.9999880194664001,0,0.004586999770253897,0.1223910003900528,0,1,-0.8708339929580688,-0.30601200461387634,0.38471299409866333,0,0.48966699838638306,-0.47106999158859253,0.7337030172348022,0,-0.0432949997484684,0.8273149728775024,0.5600680112838745,0,0.187049001455307,-0.11460500210523605,-0.0032820000778883696,1,0.9935969710350037,-0.10480999946594238,-0.042187001556158066,0,0.027140000835061073,0.5838810205459595,-0.811385989189148,0,0.10967399924993515,0.8050450086593628,0.5829870104789734,0,0,0.5946940183639526,0,1,0.9342799782752991,-0.3288879990577698,0.1376730054616928,0,0.010084000416100025,0.41035598516464233,0.911870002746582,0,-0.35639798641204834,-0.8505529761314392,0.3867039978504181,0,0,0.5307940244674683,0,1,0.999800980091095,-0.0007880000048317015,0.019943000748753548,0,-0.011784999631345272,0.7831230163574219,0.6217550039291382,0,-0.01610800065100193,-0.62186598777771,0.7829579710960388,0,0,0.36083701252937317,0,1,-0.898514986038208,0.18359999358654022,-0.3986999988555908,0,-0.42668700218200684,-0.5784729719161987,0.6952030062675476,0,-0.10299800336360931,0.7947710156440735,0.5981060266494751,0,-0.187049001455307,-0.11460500210523605,0.0013620000099763274,1,0.9837319850921631,0.1693039983510971,0.060065001249313354,0,-0.04451800137758255,0.5536800026893616,-0.8315389752388,0,-0.17404000461101532,0.8153370022773743,0.5522099733352661,0,0,0.5951849818229675,0,1,0.9503430128097534,0.30616098642349243,-0.05580199882388115,0,-0.04383299872279167,0.3092069923877716,0.9499840140342712,0,0.3081029951572418,-0.9003649950027466,0.3072719871997833,0,0,0.5309349894523621,0,1,0.9998440146446228,0.0008069999748840928,-0.01763099990785122,0,0.010444000363349915,0.7782350182533264,0.6278859972953796,0,0.014227000065147877,-0.6279720067977905,0.7781059741973877,0,0,0.3575519919395447,0,1
K0.033,0.9557170271873474,-0.05480199679732323,0.289139062166214,0,-0.03309999778866768,0.9562559723854065,0.29065391421318054,0,-0.29241904616355896,-0.28735390305519104,0.9120960235595703,0,0.14277902245521545,1.278417944908142,-0.06146702170372009,1,0.9979199767112732,-0.02206301875412464,0.06057293340563774,0,0.011012029834091663,0.984142005443573,0.1770409792661667,0,-0.0635189414024353,-0.1760059893131256,0.982338011264801,0,0,0.20628799498081207,-0.003951000049710274,1,0.9991049766540527,-0.0024000138510018587,0.04222794994711876,0,-0.004293978214263916,0.9874759912490845,0.15771198272705078,0,-0.04207795113325119,-0.15775199234485626,0.9865819811820984,0,0,0.2407130002975464,0,1,0.9992640018463135,-0.0024910138454288244,0.03828494995832443,0,-0.003614978166297078,0.9873369932174683,0.15859699249267578,0,-0.03819495067000389,-0.1586189866065979,0.9866009950637817,0,0,0.2751010060310364,0,1,0.999439001083374,-0.029935957863926888,-0.015029982663691044,0,0.029412956908345222,0.998993992805481,-0.03383602201938629,0,0.01602798141539097,0.03337502107024193,0.99931401014328,0,0,0.3094879984855652,0,1,0.9971910119056702,0.030333997681736946,-0.06847793608903885,0,-0.07265794277191162,0.61365807056427,-0.7862219214439392,0,0.018171966075897217,0.7889889478683472,0.6141380667686462,0,0,0.15292400121688843,-0.0011180000146850944,1,-0.03757398948073387,0.01749500446021557,-0.9991409778594971,0,0.901324987411499,-0.4311560094356537,-0.041444990783929825,0,-0.4315110146999359,-0.9021080136299133,0.0004309929790906608,0,0.10886099934577942,0.27235299348831177,-0.0016169999726116657,1,0.9308270215988159,0.3254551291465759,0.16625189781188965,0,-0.36545905470848083,0.8292219638824463,0.4228830933570862,0,-0.00022983011149335653,-0.4543890655040741,0.8908029794692993,0,0,0.2262520045042038,0,1,0.1399621069431305,0.9898120164871216,0.02614099718630314,0,-0.9898210167884827,0.13917911052703857,0.02971000038087368,0,0.02576899714767933,-0.030034000054001808,0.9992169737815857,0,0,0.560837984085083,0,1,0.6509519815444946,-0.08270502835512161,-0.754601001739502,0,-0.3642137944698334,0.838137149810791,-0.40604785084724426,0,0.6660411357879639,0.5391537547111511,0.5154641270637512,0,0,0.4560370147228241,0,1,0.8923270106315613,0.4397769868373871,-0.10172499716281891,0,-0.4026159942150116,0.8773289918899536,0.26114100217819214,0,0.20408999919891357,-0.1920669972896576,0.9599260091781616,0,-0.08322200179100037,0.06543400138616562,0,1,0.99965900182724,0.02608500048518181,0.0006980000180192292,0,-0.026081999763846397,0.9979439973831177,0.058538999408483505,0,0.000830999983008951,-0.05853800103068352,0.9982849955558777,0,-0.006360999774187803,0.08445300161838531,0,1,0.9849510192871094,-0.17270100116729736,0.0068259998224675655,0,0.17283299565315247,0.9843890070915222,-0.03327900171279907,0,-0.0009720000089146197,0.03395799919962883,0.9994230270385742,0,0.00915099959820509,0.09665299952030182,0,1,0.9995449781417847,0.030141999945044518,0.00072900002123788,0,-0.030047999694943428,0.9938259720802307,0.1068039983510971,0,0.0024949999060481787,-0.10677699744701385,0.9942799806594849,0,0,0.11323200166225433,0.0015119999879971147,1,0.999243974685669,-0.03885599970817566,-0.0009889999637380242,0,0.038777999579906464,0.9948539733886719,0.09360100328922272,0,-0.0026539999525994062,-0.09356900304555893,0.9956089854240417,0,0.003246000036597252,0.15143999457359314,0,1,0.9994999766349792,0.03150099888443947,-0.002753000007942319,0,-0.03133700042963028,0.9984099864959717,0.04685400053858757,0,0.004224999807775021,-0.04674400016665459,0.9988980293273926,0,-0.003218000056222081,0.11913099884986877,0,1,0.010817943140864372,-0.02447698637843132,0.999642014503479,0,-0.9065870046615601,-0.42201802134513855,-0.0005230466485954821,0,0.42187902331352234,-0.9062569737434387,-0.026755964383482933,0,-0.10886099934577942,0.2723180055618286,0.0001939999929163605,1,0.8240900635719299,-0.5615239143371582,-0.07460599392652512,0,0.4350309371948242,0.543021023273468,0.7182450890541077,0,-0.3627989888191223,-0.6243550777435303,0.6917789578437805,0,0,0.2262520045042038,0,1,-0.009592900983989239,-0.9997230172157288,-0.02151399850845337,0,0.9997450113296509,-0.010028901509940624,0.02024099975824356,0,-0.020450998097658157,-0.021314000710844994,0.999563992023468,0,0,0.5606709718704224,0,1,0.9139658808708191,0.018201962113380432,0.40538325905799866,0,0.0342220738530159,0.9919769763946533,-0.12169598788022995,0,-0.4043462574481964,0.12509901821613312,0.9060098528862,0,0,0.4562090039253235,0,1,0.9023190140724182,-0.41679099202156067,0.11003000289201736,0,0.3817969858646393,0.8912109732627869,0.2448969930410385,0,-0.20013000071048737,-0.1789660006761551,0.9632859826087952,0,0.07626300305128098,0.07689099758863449,0,1,0.9296640157699585,0.36069101095199585,-0.07501299679279327,0,-0.3454599976539612,0.924232006072998,0.1626410037279129,0,0.12799200415611267,-0.1252879947423935,0.9838299751281738,0,0.015768999233841896,0.08518999814987183,0,1,0.9849830269813538,-0.14661799371242523,-0.09117300063371658,0,0.14478999376296997,0.9891110062599182,-0.026381000876426697,0,0.09404800087213516,0.012783999554812908,0.9954860210418701,0,0.0038819999899715185,0.09520799666643143,0,1,0.9994639754295349,-0.032152000814676285,0.006192999891936779,0,0.031564999371767044,0.9963949918746948,0.07873900234699249,0,-0.008702999912202358,-0.07850100100040436,0.9968760013580322,0,0,0.11284700036048889,0.0026950000319629908,1,0.9979479908943176,0.0639830008149147,-0.0024300001095980406,0,-0.0639830008149147,0.9979509711265564,0.00009100000170292333,0,0.0024309998843818903,0.00006500000017695129,0.9999970197677612,0,-0.004110999871045351,0.15492799878120422,0,1,0.999068021774292,-0.04289200156927109,0.004891000222414732,0,0.042892999947071075,0.9990800023078918,0.00002700000004551839,0,-0.0048870001919567585,0.0001829999964684248,0.9999880194664001,0,0.004586999770253897,0.1223910003900528,0,1,-0.8696349859237671,-0.3049220144748688,0.38827499747276306,0,0.49259400367736816,-0.4834241569042206,0.7236388921737671,0,-0.03295190632343292,0.8205629587173462,0.5706050992012024,0,0.187049001455307,-0.11460500210523605,-0.0032820000778883696,1,0.9933379888534546,-0.10589700192213058,-0.04544899985194206,0,0.02616901695728302,0.5913851261138916,-0.8059649467468262,0,0.11222700029611588,0.7994059324264526,0.5902161002159119,0,0,0.5946940183639526,0,1,0.9342190027236938,-0.3293689489364624,0.13693301379680634,0,0.008233976550400257,0.40369904041290283,0.9148550033569336,0,-0.3566039800643921,-0.8535469770431519,0.37985602021217346,0,0,0.5307940244674683,0,1,0.9998419880867004,-0.0003499977756291628,0.017783988267183304,0,-0.010628994554281235,0.7899380326271057,0.613093912601471,0,-0.014262991026043892,-0.6131859421730042,0.789810061454773,0,0,0.36083701252937317,0,1,-0.9034760594367981,0.18182800710201263,-0.3881608843803406,0,-0.4161088764667511,-0.589397132396698,0.6924329400062561,0,-0.10287696868181229,0.7871149182319641,0.6081671118736267,0,-0.187049001455307,-0.11460500210523605,0.0013620000099763274,1,0.9847609996795654,0.1609758585691452,0.06582602113485336,0,-0.03665292635560036,0.5620971322059631,-0.8262589573860168,0,-0.17000889778137207,0.8112539649009705,0.5594311356544495,0,0,0.5951849818229675,0,1,0.9490799903869629,0.30921703577041626,-0.060269057750701904,0,-0.03773896396160126,0.30152201652526855,0.9527119994163513,0,0.31276702880859375,-0.9019250273704529,0.297838032245636,0,0,0.5309349894523621,0,1,0.9998890161514282,0.0002579969586804509,-0.014871983788907528,0,0.008973991498351097,0.7869260311126709,0.6169819235801697,0,0.011862985789775848,-0.6170469522476196,0.7868370413780212,0,0,0.3575519919395447,0,1
K0.067,0.9539899826049805,-0.054572004824876785,0.29482993483543396,0,-0.03263300284743309,0.9585599899291992,0.28301510214805603,0,-0.2980569303035736,-0.2796151041984558,0.9126759767532349,0,0.1460159718990326,1.2822400331497192,-0.06364797800779343,1,0.9982590079307556,-0.02385898120701313,0.053934067487716675,0,0.014030970633029938,0.9843360185623169,0.1757410168647766,0,-0.057282064110040665,-0.1746790111064911,0.9829580187797546,0,0,0.20628799498081207,-0.003951000049710274,1,0.9993000030517578,-0.003774986369535327,0.03721604868769646,0,-0.002094021998345852,0.9876930117607117,0.15639302134513855,0,-0.03734804689884186,-0.15636101365089417,0.9869940280914307,0,0,0.2407130002975464,0,1,0.9994369745254517,-0.0038529864978045225,0.03334204852581024,0,-0.0014360216446220875,0.9875710010528564,0.15716801583766937,0,-0.033533044159412384,-0.15712802112102509,0.9870089888572693,0,0,0.2751010060310364,0,1,0.9995830059051514,-0.02564104273915291,-0.013305016793310642,0,0.025148043408989906,0.9990360140800476,-0.035985976457595825,0,0.014215017668902874,0.03563597798347473,0.9992640018463135,0,0,0.3094879984855652,0,1,0.9976440072059631,0.030171001330018044,-0.06161706522107124,0,-0.06700605899095535,0.6214099526405334,-0.7806150317192078,0,0.014738034456968307,0.7829040884971619,0.6219669580459595,0,0,0.15292400121688843,-0.0011180000146850944,1,-0.036506012082099915,0.017791995778679848,-0.9991750121116638,0,0.9010710120201111,-0.43176698684692383,-0.04061000794172287,0,-0.4321329891681671,-0.9018099904060364,-0.00026999303372576833,0,0.10886099934577942,0.27235299348831177,-0.0016169999726116657,1,0.9288319945335388,0.3360178768634796,0.15609011054039001,0,-0.3701229393482208,0.8224750757217407,0.43190690875053406,0,0.016748830676078796,-0.4589419364929199,0.8883090019226074,0,0,0.2262520045042038,0,1,0.15052489936351776,0.9882689714431763,0.02582400292158127,0,-0.9882789850234985,0.14975088834762573,0.029664000496268272,0,0.025449004024267197,-0.029986999928951263,0.9992259740829468,0,0,0.560837984085083,0,1,0.6492149829864502,-0.0855969712138176,-0.7557730078697205,0,-0.3438352048397064,0.8532958030700684,-0.39200013875961304,0,0.6784518957138062,0.5143532156944275,0.524540901184082,0,0,0.4560370147228241,0,1,0.8923270106315613,0.4397769868373871,-0.10172499716281891,0,-0.4026159942150116,0.8773289918899536,0.26114100217819214,0,0.20408999919891357,-0.1920669972896576,0.9599260091781616,0,-0.08322200179100037,0.06543400138616562,0,1,0.99965900182724,0.02608500048518181,0.0006980000180192292,0,-0.02608099952340126,0.9979439973831177,0.058538999408483505,0,0.0008299999753944576,-0.05853800103068352,0.9982849955558777,0,-0.006360999774187803,0.08445300161838531,0,1,0.9849510192871094,-0.17270100116729736,0.0068259998224675655,0,0.17283399403095245,0.9843890070915222,-0.03327900171279907,0,-0.0009720000089146197,0.03395799919962883,0.9994230270385742,0,0.00915099959820509,0.09665299952030182,0,1,0.9995449781417847,0.030143000185489655,0.00072900002123788,0,-0.030047999694943428,0.9938259720802307,0.1068039983510971,0,0.0024939998984336853,-0.10677699744701385,0.9942799806594849,0,0,0.11323200166225433,0.0015119999879971147,1,0.999243974685669,-0.03885599970817566,-0.0009889999637380242,0,0.038777999579906464,0.9948539733886719,0.09360100328922272,0,-0.002652999944984913,-0.09356900304555893,0.9956089854240417,0,0.003246000036597252,0.15143999457359314,0,1,0.9994999766349792,0.03150099888443947,-0.002753000007942319,0,-0.03133700042963028,0.9984099864959717,0.04685400053858757,0,0.004224999807775021,-0.04674400016665459,0.9988980293273926,0,-0.003218000056222081,0.11913099884986877,0,1,0.005163056310266256,-0.023228013888001442,0.9997169971466064,0,-0.9054440259933472,-0.42443397641181946,-0.0051849535666406155,0,0.42443397641181946,-0.9051610231399536,-0.023223035037517548,0,-0.10886099934577942,0.2723180055618286,0.0001939999929163605,1,0.828222930431366,-0.5555310845375061,-0.07369900494813919,0,0.4278160631656647,0.541841983795166,0.7234509587287903,0,-0.361966997385025,-0.6307079195976257,0.6864310503005981,0,0,0.2262520045042038,0,1,0.0002299023763043806,-0.9997730255126953,-0.02131500095129013,0,0.9997950196266174,-0.00020209766807965934,0.020241999998688698,0,-0.020242001861333847,-0.02131499908864498,0.999567985534668,0,0,0.5606709718704224,0,1,0.9017661213874817,0.01441703736782074,0.43198373913764954,0,0.04170892387628555,0.991877019405365,-0.12017101794481277,0,-0.4302077293395996,0.12638399004936218,0.8938391208648682,0,0,0.4562090039253235,0,1,0.9023190140724182,-0.41679099202156067,0.11003000289201736,0,0.3817969858646393,0.8912109732627869,0.2448969930410385,0,-0.20013000071048737,-0.1789660006761551,0.9632859826087952,0,0.07626300305128098,0.07689099758863449,0,1,0.9296640157699585,0.36069101095199585,-0.07501299679279327,0,-0.3454599976539612,0.924232006072998,0.1626410037279129,0,0.12799300253391266,-0.1252879947423935,0.9838299751281738,0,0.015768999233841896,0.08518999814987183,0,1,0.9849830269813538,-0.14661799371242523,-0.09117300063371658,0,0.14478999376296997,0.9891110062599182,-0.026381000876426697,0,0.09404800087213516,0.012783999554812908,0.9954860210418701,0,0.0038819999899715185,0.09520799666643143,0,1,0.9994639754295349,-0.032150998711586,0.006192999891936779,0,0.031564999371767044,0.9963949918746948,0.07873900234699249,0,-0.008701999671757221,-0.07850100100040436,0.9968760013580322,0,0,0.11284700036048889,0.0026950000319629908,1,0.9979479908943176,0.0639830008149147,-0.0024300001095980406,0,-0.0639830008149147,0.9979509711265564,0.00009100000170292333,0,0.0024309998843818903,0.00006500000017695129,0.9999970197677612,0,-0.004110999871045351,0.15492799878120422,0,1,0.999068021774292,-0.04289200156927109,0.004889999981969595,0,0.042892999947071075,0.9990800023078918,0.00002700000004551839,0,-0.0048870001919567585,0.0001829999964684248,0.9999880194664001,0,0.004586999770253897,0.1223910003900528,0,1,-0.8695610165596008,-0.30379098653793335,0.38932499289512634,0,0.4932669997215271,-0.4968648850917816,0.7140121459960938,0,-0.023468095809221268,0.8129180669784546,0.5819048881530762,0,0.187049001455307,-0.11460500210523605,-0.0032820000778883696,1,0.9933019876480103,-0.10624399781227112,-0.04542100057005882,0,0.027884982526302338,0.6018989086151123,-0.7980860471725464,0,0.11213099956512451,0.7914730310440063,0.6008298993110657,0,0,0.5946940183639526,0,1,0.9356939792633057,-0.3244980573654175,0.13848698139190674,0,0.005910023115575314,0.4068819582462311,0.9134610295295715,0,-0.3527640402317047,-0.8539019823074341,0.3826349675655365,0,0,0.5307940244674683,0,1,0.9998610019683838,-0.00013000218314118683,0.016653010621666908,0,-0.010032005608081818,0.793463945388794,0.608534038066864,0,-0.013293009251356125,-0.6086170673370361,0.7933529615402222,0,0,0.36083701252937317,0,1,-0.9086329340934753,0.18219399452209473,-0.37575411796569824,0,-0.4054611325263977,-0.6002408862113953,0.6894280314445496,0,-0.09993302822113037,0.778791069984436,0.6192718744277954,0,-0.187049001455307,-0.11460500210523605,0.0013620000099763274,1,0.9866859912872314,0.14765213429927826,0.06818597763776779,0,-0.029111074283719063,0.5728238821029663,-0.819161057472229,0,-0.16001009941101074,0.8062700629234314,0.5694958567619324,0,0,0.5951849818229675,0,1,0.9478150010108948,0.3118579685688019,-0.06627094000577927,0,-0.03388403728604317,0.305215984582901,0.9516800045967102,0,0.31701597571372986,-0.899770975112915,0.29985496401786804,0,0,0.5309349894523621,0,1,0.9999120235443115,-0.00004399699901114218,-0.01326101552695036,0,0.008133008144795895,0.7919219136238098,0.6105690598487854,0,0.010475014336407185,-0.6106230616569519,0.7918519377708435,0,0,0.3575519919395447,0,1
