4.133,30,123,41
B0,mixamorig_Hips,-1,0.5390034914016724,-0.012384641915559769,0.8420653939247131,0,0.08783333748579025,0.9952625632286072,-0.04160613194108009,0,-0.8375637531280518,0.09642503410577774,0.5375370383262634,0,-0.09044944494962692,1.3306035995483398,0.34775227308273315,1
B1,mixamorig_Spine,0,0.9792267680168152,0.026505639776587486,0.20099222660064697,0,-0.09437686204910278,0.9369221925735474,0.3363455832004547,0,-0.17936423420906067,-0.3483246862888336,0.9199812412261963,0,0,0.20628799498081207,-0.003951000049710274,1
B2,mixamorig_Spine1,1,0.9987754821777344,0.04390694946050644,0.022573810070753098,0,-0.04397362470626831,0.9990242123603821,0.002449273131787777,0,-0.022442707791924477,-0.0034381039440631866,0.999742329120636,0,0,0.2407130002975464,0,1
B3,mixamorig_Spine2,2,0.9987654685974121,0.04480355978012085,0.02119288221001625,0,-0.044874660670757294,0.9989829659461975,0.0028760123532265425,0,-0.021041061729192734,-0.0038232216611504555,0.9997708201408386,0,0,0.2751010060310364,0,1
B4,mixamorig_Neck,3,0.9862167239189148,-0.026649964973330498,-0.16326801478862762,0,0.04768897593021393,0.9908404350280762,0.1263117492198944,0,0.15840429067611694,-0.13236260414123535,0.97845858335495,0,0,0.3094879984855652,0,1
B5,mixamorig_Head,4,0.6622646450996399,-0.30683761835098267,-0.6834805607795715,0,0.07617978751659393,0.9351439476013184,-0.34597522020339966,0,0.7453104853630066,0.17706406116485596,0.6426867842674255,0,0,0.15292400121688843,-0.0011180000146850944,1
B6,mixamorig_HeadTop_End,5,1,0,0,0,0,1,0,0,0,0,1,0,0,1.1334810256958008,-0.008286000229418278,1
B7,mixamorig_LeftShoulder,3,0.2589013874530792,0.12521545588970184,-0.9577494263648987,0,0.8667016625404358,-0.4677906632423401,0.17312796413898468,0,-0.42634689807891846,-0.8749113082885742,-0.2296484410762787,0,0.10886099934577942,0.27235299348831177,-0.0016169999726116657,1
B8,mixamorig_LeftArm,7,0.9337888956069946,0.32180818915367126,0.10751383751630783,0,-0.2884044945240021,0.9264752268791199,-0.22589850425720215,0,-0.17164163291454315,0.18778538703918457,0.9615876078605652,0,0,0.2262520045042038,0,1
B9,mixamorig_LeftForeArm,8,-0.14743058383464813,0.9812143445014954,0.1223781406879425,0,-0.9873588681221008,-0.1393633931875229,-0.07209505140781403,0,-0.05367053300142288,-0.1315053552389145,0.989859402179718,0,0,0.560837984085083,0,1
B10,mixamorig_LeftHand,9,0.9953126311302185,-0.028141537681221962,0.034204088151454926,0,0.033735428005456924,0.9697772860527039,-0.24056684970855713,0,-0.026463307440280914,0.24086561799049377,0.9661219120025635,0,0,0.4560370147228241,0,1
B11,mixamorig_LeftHandThumb1,10,0.8854070901870728,0.46166524291038513,-0.05404266342520714,0,-0.39166703820228577,0.8036157488822937,0.4481056332588196,0,0.25030389428138733,-0.3755891025066376,0.8923459053039551,0,-0.08322200179100037,0.06543400138616562,0,1
B12,mixamorig_LeftHandThumb2,11,0.9686655402183533,-0.20180663466453552,-0.1447751224040985,0,0.17818902432918549,0.9707479476928711,-0.16092637181282043,0,0.17301656305789948,0.13008643686771393,0.9762898087501526,0,-0.006360999774187803,0.08445300161838531,0,1
B13,mixamorig_LeftHandThumb3,12,0.959342896938324,-0.28107601404190063,-0.025630315765738487,0,0.2657184898853302,0.9300625324249268,-0.25372830033302307,0,0.0951554924249649,0.23660163581371307,0.9669358134269714,0,0.00915099959820509,0.09665299952030182,0,1
B14,mixamorig_LeftHandThumb4,13,1,0,0,0,0,1,0,0,0,0,1,0,-0.0027910000644624233,0.07388699799776077,0,1
B15,mixamorig_LeftHandIndex1,10,0.9730655550956726,0.20937436819076538,0.09644164890050888,0,-0.22911380231380463,0.9246025681495667,0.30425482988357544,0,-0.025458112359046936,-0.3181568682193756,0.9476712942123413,0,0,0.11323200166225433,0.0015119999879971147,1
B16,mixamorig_LeftHandIndex2,15,0.9996585249900818,0.025032825767993927,0.0074392384849488735,0,-0.024572262540459633,0.805316150188446,0.5922940373420715,0,0.008841941133141518,-0.5922755002975464,0.8056575655937195,0,0.003246000036597252,0.15143999457359314,0,1
B17,mixamorig_LeftHandIndex3,16,0.9964497685432434,0.08337269723415375,0.011701312847435474,0,-0.0786595344543457,0.8724253177642822,0.4823264181613922,0,0.030009981244802475,-0.4815343916416168,0.8758865594863892,0,-0.003218000056222081,0.11913099884986877,0,1
B18,mixamorig_LeftHandIndex4,17,1,0,0,0,0,1,0,0,0,0,1,0,-0.000028000000384054147,0.09968400001525879,0,1
B19,mixamorig_RightShoulder,3,0.3243020474910736,0.011027393862605095,0.9457206726074219,0,-0.817293107509613,-0.49992597103118896,0.28607916831970215,0,0.47596123814582825,-0.8659949898719788,-0.15314450860023499,0,-0.10886099934577942,0.2723180055618286,0.0001939999929163605,1
B20,mixamorig_RightArm,19,0.961479663848877,0.2437504231929779,-0.1233355700969696,0,-0.16995951533317566,0.8848468661308289,0.42993369698524475,0,0.2127050906419754,-0.3926710784435272,0.8931623101234436,0,0,0.2262520045042038,0,1
B21,mixamorig_RightForeArm,20,0.7450435161590576,-0.6637924909591675,-0.0654885545372963,0,0.6647457480430603,0.747014045715332,-0.009123632684350014,0,0.054977159947156906,-0.03673588111996651,0.9978115558624268,0,0,0.5606709718704224,0,1
B22,mixamorig_RightHand,21,0.9908737540245056,0.1096058338880539,-0.075008325278759,0,-0.11583545058965683,0.9899812340736389,-0.0785958394408226,0,0.06578123569488525,0.08643365651369095,0.9936946630477905,0,0,0.4562090039253235,0,1
B23,mixamorig_RightHandThumb1,22,0.9084333181381226,-0.3955218195915222,-0.13532012701034546,0,0.41585424542427063,0.8220633864402771,0.38894325494766235,0,-0.04259384050965309,-0.4096028208732605,0.9112691283226013,0,0.07626300305128098,0.07689099758863449,0,1
B24,mixamorig_RightHandThumb2,23,0.8501980304718018,0.3840683698654175,0.36006808280944824,0,-0.42426660656929016,0.904792070388794,0.036673594266176224,0,-0.31170526146888733,-0.18394339084625244,0.9322001934051514,0,0.015768999233841896,0.08518999814987183,0,1
B25,mixamorig_RightHandThumb3,24,0.8979209065437317,-0.42762213945388794,-0.10428959131240845,0,0.37278813123703003,0.8648109436035156,-0.33634838461875916,0,0.23402057588100433,0.2631361186504364,0.9359450340270996,0,0.0038819999899715185,0.09520799666643143,0,1
B26,mixamorig_RightHandThumb4,25,1,0,0,0,0,1,0,0,0,0,1,0,-0.019650999456644058,0.06658300012350082,0,1
B27,mixamorig_RightHandIndex1,22,0.9186847805976868,-0.24709723889827728,-0.30815789103507996,0,0.394899845123291,0.5914208292961121,0.7030463814735413,0,0.008529785089194775,-0.7675694823265076,0.6409077644348145,0,0,0.11284700036048889,0.0026950000319629908,1
B28,mixamorig_RightHandIndex2,27,0.9972910284996033,-0.06658747047185898,-0.031245576217770576,0,0.06386057287454605,0.5730836391448975,0.8170035481452942,0,-0.03649623692035675,-0.816785991191864,0.5757836103439331,0,-0.004110999871045351,0.15492799878120422,0,1
B29,mixamorig_RightHandIndex3,28,0.9842483997344971,-0.16294829547405243,-0.06857789307832718,0,0.14350625872612,0.5098328590393066,0.8482182025909424,0,-0.10325322300195694,-0.8446987867355347,0.5251860618591309,0,0.004586999770253897,0.1223910003900528,0,1
B30,mixamorig_RightHandIndex4,29,1,0,0,0,0,1,0,0,0,0,1,0,-0.00047599998652003706,0.09364800155162811,0,1
B31,mixamorig_LeftUpLeg,0,-0.8061211705207825,-0.27249646186828613,0.5243713855743408,0,0.566426157951355,-0.611186146736145,0.5523629784584045,0,0.17045864462852478,0.7422903776168823,0.6473034024238586,0,0.187049001455307,-0.11460500210523605,-0.0032820000778883696,1
B32,mixamorig_LeftLeg,31,0.9904600977897644,-0.06977757066488266,0.1186056137084961,0,0.13736329972743988,0.4924216568470001,-0.8562421202659607,0,0.001857343828305602,0.8643782734870911,0.4973836839199066,0,0,0.5946940183639526,0,1
B33,mixamorig_LeftFoot,32,0.9837920665740967,-0.02678833156824112,0.17728739976882935,0,-0.0977255329489708,0.7485811114311218,0.6552669405937195,0,-0.15021046996116638,-0.6619780659675598,0.7338430285453796,0,0,0.5307940244674683,0,1
B34,mixamorig_LeftToeBase,33,0.9995050430297852,-0.0034978119656443596,0.031260501593351364,0,-0.018228663131594658,0.7455534338951111,0.6661894917488098,0,-0.025635862722992897,-0.6664302945137024,0.7451210618019104,0,0,0.36083701252937317,0,1
B35,mixamorig_LeftToe_End,34,1,0,0,0,0,1,0,0,0,0,1,0,0,0.13561199605464935,0,1
B36,mixamorig_RightUpLeg,0,-0.9874950051307678,0.10527683049440384,0.11643026024103165,0,-0.08340680599212646,-0.9802191853523254,0.1788751482963562,0,0.13295099139213562,0.16698956489562988,0.9769485592842102,0,-0.187049001455307,-0.11460500210523605,0.0013620000099763274,1
B37,mixamorig_RightLeg,36,0.9976950287818909,-0.055594079196453094,0.03878204897046089,0,0.06325380504131317,0.5567487478256226,-0.8281789422035217,0,0.02446415275335312,0.8287255167961121,0.5589799284934998,0,0,0.5951849818229675,0,1
B38,mixamorig_RightFoot,37,0.9662162661552429,-0.21931849420070648,0.13529683649539948,0,-0.15319199860095978,-0.06663519144058228,0.9858523011207581,0,-0.20725931227207184,-0.9732787609100342,-0.09798508137464523,0,0,0.5309349894523621,0,1
B39,mixamorig_RightToeBase,38,0.9979391098022461,0.015614011324942112,-0.062168896198272705,0,0.03967686742544174,0.6117271184921265,0.78994220495224,0,0.05034581571817398,-0.7907848358154297,0.6098467111587524,0,0,0.3575519919395447,0,1
B40,mixamorig_RightToe_End,39,1,0,0,0,0,1,0,0,0,0,1,0,0,0.13513900339603424,0,1
@34,0,1,2,3,4,5,7,8,9,10,11,12,13,15,16,17,19,20,21,22,23,24,25,27,28,29,31,32,33,34,36,37,38,39
K0.000,0.9981340169906616,-0.04883800074458122,0.036649998277425766,0,0.05109500139951706,0.9966790080070496,-0.0634090006351471,0,-0.033431001007556915,0.06516300141811371,0.9973139762878418,0,0.005688000004738569,1.452294945716858,-0.002983999904245138,1,0.9989579916000366,0.03849999979138374,-0.024526000022888184,0,-0.03751099854707718,0.9985120296478271,0.03957900032401085,0,0.026014000177383423,-0.03861699998378754,0.9989150166511536,0,0,0.20628799498081207,-0.003951000049710274,1,0.9996150135993958,0.027310000732541084,-0.004854000173509121,0,-0.027205999940633774,0.9994249939918518,0.020248999819159508,0,0.005404999945312738,-0.02010899968445301,0.9997829794883728,0,0,0.2407130002975464,0,1,0.9996110200881958,0.027375999838113785,-0.005249999929219484,0,-0.02726699970662594,0.9994320273399353,0.019809000194072723,0,0.005789000075310469,-0.019657999277114868,0.9997900128364563,0,0,0.2751010060310364,0,1,0.9999679923057556,0.007685000076889992,0.00228599994443357,0,-0.007899999618530273,0.9930930137634277,0.11706399917602539,0,-0.0013699999544769526,-0.11707799881696701,0.9931219816207886,0,0,0.3094879984855652,0,1,0.9997100234031677,-0.0045889997854828835,-0.023625999689102173,0,0.0014390000142157078,0.9912949800491333,-0.1316549926996231,0,0.024024000391364098,0.13158300518989563,0.9910140037536621,0,0,0.15292400121688843,-0.0011180000146850944,1,0.2821030020713806,0.019984999671578407,-0.9591760039329529,0,0.8296769857406616,-0.507086992263794,0.2334509938955307,0,-0.4817200005054474,-0.8616629838943481,-0.15963199734687805,0,0.10886099934577942,0.27235299348831177,-0.0016169999726116657,1,0.9413459897041321,0.29363200068473816,-0.16627399623394012,0,-0.07261700183153152,0.657480001449585,0.7499639987945557,0,0.32953599095344543,-0.6939020156860352,0.6402390003204346,0,0,0.2262520045042038,0,1,0.9996950030326843,0.024569999426603317,0.0025289999321103096,0,-0.02457199990749359,0.9996979832649231,0.0007110000005923212,0,-0.0025110000278800726,-0.0007730000070296228,0.9999970197677612,0,0,0.560837984085083,0,1,0.9449999928474426,0.005363000091165304,0.32702499628067017,0,-0.03184499964118004,0.9966229796409607,0.07568100094795227,0,-0.3255150020122528,-0.08193200081586838,0.9419800043106079,0,0,0.4560370147228241,0,1,0.8708750009536743,0.4774380028247833,-0.11675100028514862,0,-0.4307349920272827,0.855767011642456,0.2865839898586273,0,0.23673799633979797,-0.19929000735282898,0.9509149789810181,0,-0.08322200179100037,0.06543400138616562,0,1,0.9066439867019653,-0.3764770030975342,-0.19042600691318512,0,0.37658900022506714,0.9256399869918823,-0.0370279997587204,0,0.19020700454711914,-0.038141001015901566,0.9810029864311218,0,-0.006360999774187803,0.08445300161838531,0,1,0.9651190042495728,-0.19767700135707855,0.17166399955749512,0,0.23255400359630585,0.9484609961509705,-0.21526600420475006,0,-0.12026400119066238,0.2476789951324463,0.9613490104675293,0,0.00915099959820509,0.09665299952030182,0,1,0.9978389739990234,0.06362099945545197,0.01644499972462654,0,-0.06528300046920776,0.9883300065994263,0.1376280039548874,0,-0.0074970000423491,-0.1384039968252182,0.9903470277786255,0,0,0.11323200166225433,0.0015119999879971147,1,0.9999189972877502,-0.01258500013500452,-0.0016959999920800328,0,0.012516999617218971,0.9542790055274963,0.2986539900302887,0,-0.002139999996870756,-0.2986510097980499,0.9543600082397461,0,0.003246000036597252,0.15143999457359314,0,1,0.999064028263092,0.04322899878025055,-0.0017130000051110983,0,-0.04256699979305267,0.9892870187759399,0.1396390050649643,0,0.0077309999614953995,-0.1394360065460205,0.9902009963989258,0,-0.003218000056222081,0.11913099884986877,0,1,0.2621169984340668,-0.019718000665307045,0.964834988117218,0,-0.8135560154914856,-0.5422670245170593,0.20993700623512268,0,0.5190579891204834,-0.8399749994277954,-0.15817900002002716,0,-0.10886099934577942,0.2723180055618286,0.0001939999929163605,1,0.8704410195350647,-0.362388014793396,0.3331789970397949,0,0.06586500257253647,0.7564650177955627,0.6507089734077454,0,-0.4878470003604889,-0.5444589853286743,0.6823260188102722,0,0,0.2262520045042038,0,1,0.9931550025939941,-0.1162249967455864,-0.011586000211536884,0,0.11625300347805023,0.9932180047035217,0.001749000046402216,0,0.01130400039255619,-0.003083999967202544,0.9999309778213501,0,0,0.5606709718704224,0,1,0.9935470223426819,0.007127000018954277,-0.11319699883460999,0,0.003533999901264906,0.9955940246582031,0.09370099753141403,0,0.11336600035429001,-0.09349600225687027,0.9891440272331238,0,0,0.4562090039253235,0,1,0.9038259983062744,-0.4134500026702881,0.11026299744844437,0,0.3706659972667694,0.8852369785308838,0.281002014875412,0,-0.21378900110721588,-0.21310600638389587,0.9533519744873047,0,0.07626300305128098,0.07689099758863449,0,1,0.8696950078010559,0.4636169970035553,0.1693830043077469,0,-0.4642679989337921,0.8848710060119629,-0.03819400072097778,0,-0.16759000718593597,-0.04542199894785881,0.9848099946975708,0,0.015768999233841896,0.08518999814987183,0,1,0.9654330015182495,-0.23273299634456635,-0.11736900359392166,0,0.1831739991903305,0.9261350035667419,-0.32972899079322815,0,0.18543900549411774,0.29683199524879456,0.9367510080337524,0,0.0038819999899715185,0.09520799666643143,0,1,0.9973599910736084,-0.07186199724674225,-0.010475000366568565,0,0.07261800020933151,0.9882820248603821,0.13425900042057037,0,0.0007050000131130219,-0.13466499745845795,0.9908909797668457,0,0,0.11284700036048889,0.0026950000319629908,1,0.9997850060462952,0.020577000454068184,0.002394000068306923,0,-0.02035599946975708,0.9544479846954346,0.2976830005645752,0,0.0038399999029934406,-0.2976680099964142,0.954662024974823,0,-0.004110999871045351,0.15492799878120422,0,1,0.9980090260505676,-0.06300800293684006,0.0027340000960975885,0,0.062015000730752945,0.988319993019104,0.13920700550079346,0,-0.011474000290036201,-0.13876000046730042,0.9902600049972534,0,0.004586999770253897,0.1223910003900528,0,1,-0.9527300000190735,-0.15295499563217163,0.26250800490379333,0,0.18799899518489838,-0.9755430221557617,0.11389300227165222,0,0.23866699635982513,0.15786099433898926,0.9581850171089172,0,0.187049001455307,-0.11460500210523605,-0.0032820000778883696,1,0.9986810088157654,0.03928399831056595,0.033059000968933105,0,-0.02895200066268444,0.9626269936561584,-0.26927998661994934,0,-0.0424019992351532,0.26796698570251465,0.9624940156936646,0,0,0.5946940183639526,0,1,0.9827859997749329,-0.025503000244498253,0.18297900259494781,0,-0.13428999483585358,0.581574022769928,0.8023319840431213,0,-0.12687699496746063,-0.8130930066108704,0.5681390166282654,0,0,0.5307940244674683,0,1,0.999468982219696,-0.0037980000488460064,0.03236199915409088,0,-0.018890000879764557,0.7417320013046265,0.6704310178756714,0,-0.026551000773906708,-0.6706860065460205,0.7412660121917725,0,0,0.36083701252937317,0,1,-0.9868170022964478,-0.025617999956011772,-0.15979699790477753,0,0.044217001646757126,-0.9925029873847961,-0.11394199728965759,0,-0.15568000078201294,-0.11950600147247314,0.9805520176887512,0,-0.187049001455307,-0.11460500210523605,0.0013620000099763274,1,0.9842619895935059,-0.005557999946177006,-0.1766269952058792,0,-0.0005680000176653266,0.9994009733200073,-0.03461199998855591,0,0.1767140030860901,0.034168001264333725,0.9836689829826355,0,0,0.5951849818229675,0,1,0.9761760234832764,-0.061448998749256134,-0.20809799432754517,0,0.2066670060157776,0.5554940104484558,0.8054289817810059,0,0.06610400229692459,-0.829246997833252,0.5549589991569519,0,0,0.5309349894523621,0,1,0.9992660284042358,0.0060800001956522465,-0.03782700002193451,0,0.02236500009894371,0.7090740203857422,0.7047799825668335,0,0.03110799938440323,-0.7051079869270325,0.7084169983863831,0,0,0.3575519919395447,0,1
K0.033,0.998054027557373,-0.04874899983406067,0.038888026028871536,0,0.05117199942469597,0.9966390132904053,-0.06396301090717316,0,-0.03563902527093887,0.06582801043987274,0.9971939921379089,0,0.005658999085426331,1.452375054359436,-0.0050420332700014114,1,0.9988809823989868,0.03910500556230545,-0.026605021208524704,0,-0.037735000252723694,0.9980260133743286,0.05019315332174301,0,0.028515025973320007,-0.04913315176963806,0.9983850121498108,0,0,0.20628799498081207,-0.003951000049710274,1,0.9996259808540344,0.026868999004364014,-0.005166003946214914,0,-0.026760997250676155,0.9994440078735352,0.01988999918103218,0,0.005697003565728664,-0.01974399946630001,0.9997889995574951,0,0,0.2407130002975464,0,1,0.9996219873428345,0.02691899798810482,-0.005572004243731499,0,-0.026805998757481575,0.9994519948959351,0.01944500021636486,0,0.006093003787100315,-0.01928899995982647,0.9997950196266174,0,0,0.2751010060310364,0,1,0.9999679923057556,0.007773999124765396,0.0020290014799684286,0,-0.007961998693645,0.9927049875259399,0.12030506134033203,0,-0.0010790011147037148,-0.12031806260347366,0.9927350282669067,0,0,0.3094879984855652,0,1,0.9996610283851624,-0.006235028617084026,-0.025279000401496887,0,0.0033720352221280336,0.9937289953231812,-0.11176174879074097,0,0.02581699937582016,0.11163873970508575,0.993412971496582,0,0,0.15292400121688843,-0.0011180000146850944,1,0.2803349792957306,0.0234170351177454,-0.959617018699646,0,0.8291320204734802,-0.5096489787101746,0.2297789752483368,0,-0.48368704319000244,-0.8600630164146423,-0.16228802502155304,0,0.10886099934577942,0.27235299348831177,-0.0016169999726116657,1,0.9449740648269653,0.27303987741470337,-0.18020102381706238,0,-0.05413593351840973,0.6737491488456726,0.7369748950004578,0,0.32263392210006714,-0.6866669654846191,0.6514571309089661,0,0,0.2262520045042038,0,1,0.9960159659385681,0.08877942711114883,0.008373038843274117,0,-0.08880142122507095,0.9960469603538513,0.002312008524313569,0,-0.008135036565363407,-0.0030470171477645636,0.9999619722366333,0,0,0.560837984085083,0,1,0.946681022644043,-0.01650109700858593,0.3217499554157257,0,-0.007883892394602299,0.9972019791603088,0.07433898746967316,0,-0.3220759630203247,-0.07291195541620255,0.9439020156860352,0,0,0.4560370147228241,0,1,0.8694630265235901,0.4733939468860626,-0.14118227362632751,0,-0.4243859350681305,0.8620660305023193,0.27701789140701294,0,0.25284716486930847,-0.18094079196453094,0.950435996055603,0,-0.08322200179100037,0.06543400138616562,0,1,0.9123390316963196,-0.3642878830432892,-0.18689896166324615,0,0.36232584714889526,0.9309250712394714,-0.045803092420101166,0,0.19067400693893433,-0.025930868461728096,0.981311023235321,0,-0.006360999774187803,0.08445300161838531,0,1,0.9663519859313965,-0.20348206162452698,0.15734684467315674,0,0.23498103022575378,0.9471830129623413,-0.21824002265930176,0,-0.104627825319767,0.24786999821662903,0.9631270170211792,0,0.00915099959820509,0.09665299952030182,0,1,0.9964889883995056,0.0812641829252243,0.020148037001490593,0,-0.0832211971282959,0.9877449870109558,0.13204093277454376,0,-0.009171017445623875,-0.13325494527816772,0.991038978099823,0,0,0.11323200166225433,0.0015119999879971147,1,0.9999380111694336,-0.011059985496103764,-0.0015749986050650477,0,0.011000985279679298,0.950330913066864,0.3110451102256775,0,-0.0019439979223534465,-0.3110431134700775,0.9503939151763916,0,0.003246000036597252,0.15143999457359314,0,1,0.9989759922027588,0.045223020017147064,-0.0014139966806396842,0,-0.04444301873445511,0.9866549372673035,0.15664517879486084,0,0.008479008451104164,-0.15642118453979492,0.9876539707183838,0,-0.003218000056222081,0.11913099884986877,0,1,0.26104798913002014,-0.01850198581814766,0.9651489853858948,0,-0.8150780200958252,-0.5399100184440613,0.2101069986820221,0,0.5172060132026672,-0.8415200114250183,-0.15602296590805054,0,-0.10886099934577942,0.2723180055618286,0.0001939999929163605,1,0.8662299513816833,-0.37377312779426575,0.3315719962120056,0,0.07419709116220474,0.7524839639663696,0.6544179916381836,0,-0.49410608410835266,-0.5422739386558533,0.6795570254325867,0,0,0.2262520045042038,0,1,0.9944980144500732,-0.10423192381858826,-0.010487993247807026,0,0.10425392538309097,0.9945489764213562,0.00162499921862036,0,0.010260993614792824,-0.0027089975774288177,0.9999439716339111,0,0,0.5606709718704224,0,1,0.9948369860649109,-0.003841089317575097,-0.10140988975763321,0,0.013254077173769474,0.9956420063972473,0.09231598675251007,0,0.10061387717723846,-0.09318399429321289,0.9905520081520081,0,0,0.4562090039253235,0,1,0.9063429832458496,-0.40954896807670593,0.10397794097661972,0,0.36935096979141235,0.8874109983444214,0.27582794427871704,0,-0.20523591339588165,-0.211589977145195,0.9555670022964478,0,0.07626300305128098,0.07689099758863449,0,1,0.8691210150718689,0.4649980068206787,0.16853898763656616,0,-0.46454599499702454,0.884427011013031,-0.04455806687474251,0,-0.16978003084659576,-0.03956793621182442,0.9846869707107544,0,0.015768999233841896,0.08518999814987183,0,1,0.9621269106864929,-0.2463371455669403,-0.11674299091100693,0,0.19625914096832275,0.9231719374656677,-0.3305090069770813,0,0.1891910433769226,0.2950799763202667,0.936555027961731,0,0.0038819999899715185,0.09520799666643143,0,1,0.9961010217666626,-0.08677616715431213,-0.015927068889141083,0,0.08819117397069931,0.984373927116394,0.15241722762584686,0,0.0024520193692296743,-0.15322722494602203,0.9881879687309265,0,0,0.11284700036048889,0.0026950000319629908,1,0.9998070001602173,0.019511984661221504,0.002346999244764447,0,-0.019298985600471497,0.9522599577903748,0.30467909574508667,0,0.0037099982146173716,-0.30466610193252563,0.9524519443511963,0,-0.004110999871045351,0.15492799878120422,0,1,0.9977859854698181,-0.06647404283285141,0.002071990864351392,0,0.06524503976106644,0.9844209551811218,0.16327528655529022,0,-0.012893017381429672,-0.16277828812599182,0.9865789413452148,0,0.004586999770253897,0.1223910003900528,0,1,-0.9531599879264832,-0.15304599702358246,0.2608869671821594,0,0.18771900236606598,-0.9756439924240112,0.11348999291658401,0,0.2371639907360077,0.15714798867702484,0.9586750268936157,0,0.187049001455307,-0.11460500210523605,-0.0032820000778883696,1,0.9985479712486267,0.039778001606464386,0.03632703423500061,0,-0.02864399179816246,0.9631829857826233,-0.2673169672489166,0,-0.04562303423881531,0.2658889591693878,0.9629240036010742,0,0,0.5946940183639526,0,1,0.9826989769935608,-0.024745985865592957,0.1835470050573349,0,-0.13487301766872406,0.5835710763931274,0.8007829785346985,0,-0.12692900002002716,-0.8116850256919861,0.570137083530426,0,0,0.5307940244674683,0,1,0.9994710087776184,-0.0037799999117851257,0.03229599818587303,0,-0.018850000575184822,0.7419639825820923,0.6701750159263611,0,-0.02649500034749508,-0.670428991317749,0.7415000200271606,0,0,0.36083701252937317,0,1,-0.9869170188903809,-0.025247998535633087,-0.15924298763275146,0,0.042453981935977936,-0.9935029745101929,-0.10558690875768661,0,-0.15554200112819672,-0.11096590757369995,0.9815769791603088,0,-0.187049001455307,-0.11460500210523605,0.0013620000099763274,1,0.984565019607544,-0.007113008294254541,-0.1748739778995514,0,-0.0015930155059322715,0.9987679719924927,-0.04959414154291153,0,0.17501097917556763,0.0491071417927742,0.9833409786224365,0,0,0.5951849818229675,0,1,0.9763720035552979,-0.060391008853912354,-0.20748600363731384,0,0.20595799386501312,0.5507059693336487,0.8088909983634949,0,0.06541397422552109,-0.8325120210647583,0.5501319169998169,0,0,0.5309349894523621,0,1,0.9992640018463135,0.00609100004658103,-0.03786399960517883,0,0.02238900028169155,0.7089430093765259,0.7049099802970886,0,0.031137000769376755,-0.7052389979362488,0.7082849740982056,0,0,0.3575519919395447,0,1
K0.067,0.9979529976844788,-0.04869300127029419,0.041450973600149155,0,0.05132199823856354,0.9965710043907166,-0.06490299105644226,0,-0.038148973137140274,0.06689698994159698,0.9970300197601318,0,0.0055870008654892445,1.4525090456008911,-0.008349967189133167,1,0.9988059997558594,0.03953499719500542,-0.02869097888469696,0,-0.0375869981944561,0.9971420168876648,0.06554285436868668,0,0.031200973317027092,-0.06438585370779037,0.9974370002746582,0,0,0.20628799498081207,-0.003951000049710274,1,0.9996269941329956,0.026732001453638077,-0.005533996503800154,0,-0.026617001742124557,0.9994490146636963,0.019850999116897583,0,0.00606099609285593,-0.019696999341249466,0.9997879862785339,0,0,0.2407130002975464,0,1,0.9996240139007568,0.026750002056360245,-0.005972995888441801,0,-0.02663000114262104,0.9994570016860962,0.019401999190449715,0,0.006487996317446232,-0.019235000014305115,0.9997940063476562,0,0,0.2751010060310364,0,1,0.9999679923057556,0.007676000706851482,0.0021799986716359854,0,-0.007890000939369202,0.991981029510498,0.12613694369792938,0,-0.001193998847156763,-0.1261509358882904,0.9920099973678589,0,0,0.3094879984855652,0,1,0.9996410012245178,-0.009087972342967987,-0.025198999792337418,0,0.006886965129524469,0.9962610006332397,-0.08612025529146194,0,0.02588699944317341,0.08591625094413757,0.9959660172462463,0,0,0.15292400121688843,-0.0011180000146850944,1,0.2787500321865082,0.027039963752031326,-0.9599829912185669,0,0.8284220099449158,-0.5124340057373047,0.22611503303050995,0,-0.4858139753341675,-0.8583009839057922,-0.16524097323417664,0,0.10886099934577942,0.27235299348831177,-0.0016169999726116657,1,0.9480999112129211,0.25968512892723083,-0.183492973446846,0,-0.04754706844687462,0.6863709092140198,0.7256961464881897,0,0.31439608335494995,-0.6793080568313599,0.6630958914756775,0,0,0.2262520045042038,0,1,0.9912620782852173,0.131334587931633,0.012314961291849613,0,-0.13138258457183838,0.9913270473480225,0.003169991308823228,0,-0.011791964061558247,-0.004759982693940401,0.9999189972877502,0,0,0.560837984085083,0,1,0.9474999904632568,-0.0261469054967165,0.31868603825569153,0,0.002919892780482769,0.9973170161247253,0.07314601540565491,0,-0.3197430372238159,-0.06837504357099533,0.9450340270996094,0,0,0.4560370147228241,0,1,0.8674479722976685,0.4681820571422577,-0.16834473609924316,0,-0.41741305589675903,0.8689659237861633,0.26582813262939453,0,0.2707418203353882,-0.16032220423221588,0.9492080211639404,0,-0.08322200179100037,0.06543400138616562,0,1,0.918260931968689,-0.3510791063308716,-0.18314103782176971,0,0.34693315625190735,0.9362589120864868,-0.05528890714049339,0,0.1908780038356781,-0.012768130749464035,0.981531023979187,0,-0.006360999774187803,0.08445300161838531,0,1,0.9673910140991211,-0.20978493988513947,0.14193014800548553,0,0.23758597671985626,0.9457970261573792,-0.2214069664478302,0,-0.08779016137123108,0.24790799617767334,0.9647979736328125,0,0.00915099959820509,0.09665299952030182,0,1,0.9946929812431335,0.100092813372612,0.023824961856007576,0,-0.10230081528425217,0.9868429899215698,0.12519808113574982,0,-0.01097998209297657,-0.1269700527191162,0.9918460249900818,0,0,0.11323200166225433,0.0015119999879971147,1,0.9999529719352722,-0.009555014781653881,-0.0014350013807415962,0,0.009506015107035637,0.9462690353393555,0.32323989272117615,0,-0.0017300021136179566,-0.32323887944221497,0.9463160634040833,0,0.003246000036597252,0.15143999457359314,0,1,0.9988830089569092,0.04724598303437233,-0.0010740034049376845,0,-0.04633898288011551,0.9836710095405579,0.17390982806682587,0,0.009272992610931396,-0.1736658215522766,0.9847609996795654,0,-0.003218000056222081,0.11913099884986877,0,1,0.26004499197006226,-0.01705501414835453,0.9654459953308105,0,-0.8168209791183472,-0.5371059775352478,0.2105250060558319,0,0.5149570107460022,-0.8433420062065125,-0.15360203385353088,0,-0.10886099934577942,0.2723180055618286,0.0001939999929163605,1,0.8603270649909973,-0.38655486702919006,0.33228400349617004,0,0.08292490988969803,0.7493180632591248,0.65699702501297,0,-0.5029519200325012,-0.537678062915802,0.6767140030860901,0,0,0.2262520045042038,0,1,0.9952750205993652,-0.09660307317972183,-0.009791006334125996,0,0.09662207216024399,0.9953200221061707,0.0015390007756650448,0,0.009597006253898144,-0.002477002330124378,0.9999510049819946,0,0,0.5606709718704224,0,1,0.995864987373352,-0.012780911289155483,-0.08994511514902115,0,0.02096492424607277,0.9956629872322083,0.09064501523971558,0,0.0883961170911789,-0.09215600788593292,0.9918130040168762,0,0,0.4562090039253235,0,1,0.9089599847793579,-0.4052170217037201,0.0979340597987175,0,0.3676990270614624,0.8899800181388855,0.2696910500526428,0,-0.1964430958032608,-0.20912803709506989,0.9579539895057678,0,0.07626300305128098,0.07689099758863449,0,1,0.8685200214385986,0.4664660096168518,0.16757701337337494,0,-0.4648379981517792,0.8839100003242493,-0.05127793177962303,0,-0.17204296588897705,-0.033360064029693604,0.9845240116119385,0,0.015768999233841896,0.08518999814987183,0,1,0.958452045917511,-0.2605828642845154,-0.1160460039973259,0,0.20998287200927734,0.919869065284729,-0.33128300309181213,0,0.19307395815849304,0.29315102100372314,0.9363679885864258,0,0.0038819999899715185,0.09520799666643143,0,1,0.9944049715995789,-0.10312383621931076,-0.022884931415319443,0,0.10554182529449463,0.9789310693740845,0.17479977011680603,0,0.004376980941742659,-0.17623677849769592,0.9843380451202393,0,0,0.11284700036048889,0.0026950000319629908,1,0.9998350143432617,0.01804201491177082,0.0022690007463097572,0,-0.017840014770627022,0.9491470456123352,0.31432589888572693,0,0.003518001874908805,-0.3143139183521271,0.9493120312690735,0,-0.004110999871045351,0.15492799878120422,0,1,0.9975029826164246,-0.07061995565891266,0.0011620090808719397,0,0.06908296048641205,0.9789420366287231,0.19209471344947815,0,-0.014703982509672642,-0.19153471291065216,0.981376051902771,0,0.004586999770253897,0.1223910003900528,0,1,-0.9535449743270874,-0.1532689929008484,0.25934603810310364,0,0.18754200637340546,-0.9757480025291443,0.11289200931787491,0,0.23575301468372345,0.15628601610660553,0.959164023399353,0,0.187049001455307,-0.11460500210523605,-0.0032820000778883696,1,0.9984099864959717,0.03988699987530708,0.03984296694397926,0,-0.027990005910396576,0.9641600251197815,-0.2638400197029114,0,-0.04893796518445015,0.26230502128601074,0.9637429714202881,0,0,0.5946940183639526,0,1,0.982617974281311,-0.023175014182925224,0.18418799340724945,0,-0.1357709914445877,0.5869359374046326,0.7981680035591125,0,-0.12660500407218933,-0.8093010187149048,0.5735869407653809,0,0,0.5307940244674683,0,1,0.9994699954986572,-0.0037869999650865793,0.032322000712156296,0,-0.01886500045657158,0.7418739795684814,0.670274019241333,0,-0.026517000049352646,-0.6705290079116821,0.7414100170135498,0,0,0.36083701252937317,0,1,-0.9870759844779968,-0.02503800205886364,-0.15828701853752136,0,0.04076501727104187,-0.994458019733429,-0.09690909087657928,0,-0.15498299896717072,-0.10210908949375153,0.9826260209083557,0,-0.187049001455307,-0.11460500210523605,0.0013620000099763274,1,0.9848420023918152,-0.00796299148350954,-0.1732730120420456,0,-0.0031459846068173647,0.9979609847068787,-0.06374185532331467,0,0.173427015542984,0.06332086026668549,0.9828090071678162,0,0,0.5951849818229675,0,1,0.9764549732208252,-0.06109599396586418,-0.20688900351524353,0,0.20615500211715698,0.5467300415039062,0.8115329742431641,0,0.06353101879358292,-0.8350769877433777,0.546453058719635,0,0,0.5309349894523621,0,1,0.9992619752883911,0.006111000198870897,-0.03792300075292587,0,0.022425999864935875,0.7087240219116211,0.7051290273666382,0,0.031185999512672424,-0.7054589986801147,0.7080640196800232,0,0,0.3575519919395447,0,1
