4.833,30,144,41
B0,mixamorig_Hips,-1,0.9940139055252075,0.04502144083380699,0.09954030811786652,0,-0.09692610800266266,0.783751904964447,0.6134492754936218,0,-0.05039801448583603,-0.6194252967834473,0.7834246754646301,0,-0.06190041825175285,1.295091986656189,-0.2627255320549011,1
B1,mixamorig_Spine,0,0.9992802143096924,-0.007371205370873213,-0.0372128039598465,0,0.0366363562643528,0.44182872772216797,0.8963407874107361,0,0.009834668599069118,-0.8970585465431213,0.44178062677383423,0,0,0.20628799498081207,-0.003951000049710274,1
B2,mixamorig_Spine1,1,0.9999250173568726,0.00044788437662646174,-0.012210908345878124,0,-0.0012510532978922129,0.9978283643722534,-0.0658470168709755,0,0.01215454563498497,0.06585753709077835,0.9977554678916931,0,0,0.2407130002975464,0,1
B3,mixamorig_Spine2,2,0.9999439120292664,-0.0018043884774670005,-0.010417270474135876,0,0.0011106482706964016,0.9978043437004089,-0.06621348112821579,0,0.010513998568058014,0.06619810312986374,0.9977515339851379,0,0,0.2751010060310364,0,1
B4,mixamorig_Neck,3,0.9983594417572021,0.050705425441265106,0.026576774194836617,0,-0.05239913985133171,0.9963440299034119,0.06746233999729156,0,-0.023058120161294937,-0.0687452107667923,0.9973676800727844,0,0,0.3094879984855652,0,1
B5,mixamorig_Head,4,0.9980691075325012,0.024815190583467484,0.05694038048386574,0,0.019218534231185913,0.7483598589897156,-0.6630139350891113,0,-0.05906445160508156,0.6628281474113464,0.7464386820793152,0,0,0.15292400121688843,-0.0011180000146850944,1
B6,mixamorig_HeadTop_End,5,1,0,0,0,0,1,0,0,0,0,1,0,0,1.1334810256958008,-0.008286000229418278,1
B7,mixamorig_LeftShoulder,3,0.36878082156181335,0.08855095505714417,-0.9252889156341553,0,0.7408301830291748,-0.6292252540588379,0.23504586517810822,0,-0.5614014863967896,-0.7721619009971619,-0.29764702916145325,0,0.10886099934577942,0.27235299348831177,-0.0016169999726116657,1
B8,mixamorig_LeftArm,7,0.9378270506858826,0.2658621370792389,0.22314459085464478,0,-0.2852669358253479,0.9566177129745483,0.05918208509683609,0,-0.19772928953170776,-0.11915688216686249,0.972984254360199,0,0,0.2262520045042038,0,1
B9,mixamorig_LeftForeArm,8,0.7947990298271179,0.6068352460861206,0.00648566335439682,0,-0.6068412661552429,0.7946129441261292,0.018215715885162354,0,0.005899702664464712,-0.018413769081234932,0.99981290102005,0,0,0.560837984085083,0,1
B10,mixamorig_LeftHand,9,0.7399712800979614,0.25433701276779175,0.6226920485496521,0,-0.14424973726272583,0.9642186164855957,-0.2223977893590927,0,-0.6569784283638,0.07474099844694138,0.7501806616783142,0,0,0.4560370147228241,0,1
B11,mixamorig_LeftHandThumb1,10,0.892488956451416,0.4491320848464966,-0.04176810383796692,0,-0.38699010014533997,0.8099830150604248,0.440643846988678,0,0.23173807561397552,-0.37710580229759216,0.8967100381851196,0,-0.08322200179100037,0.06543400138616562,0,1
B12,mixamorig_LeftHandThumb2,11,0.9700199365615845,-0.19801276922225952,-0.14089557528495789,0,0.17417006194591522,0.9707607626914978,-0.16519035398960114,0,0.1694849282503128,0.13569869101047516,0.9761462211608887,0,-0.006360999774187803,0.08445300161838531,0,1
B13,mixamorig_LeftHandThumb3,12,0.9577915072441101,-0.28653475642204285,-0.023071281611919403,0,0.2714644968509674,0.9279727339744568,-0.25529056787490845,0,0.09455975890159607,0.23825208842754364,0.9665889739990234,0,0.00915099959820509,0.09665299952030182,0,1
B14,mixamorig_LeftHandThumb4,13,1,0,0,0,0,1,0,0,0,0,1,0,-0.0027910000644624233,0.07388699799776077,0,1
B15,mixamorig_LeftHandIndex1,10,0.9810237884521484,0.19294914603233337,0.01897517964243889,0,-0.19387586414813995,0.9771854281425476,0.08652976900339127,0,-0.0018406165763735771,-0.08856658637523651,0.996051013469696,0,0,0.11323200166225433,0.0015119999879971147,1
B16,mixamorig_LeftHandIndex2,15,0.9999978542327881,-0.0016843141056597233,-0.0003847226907964796,0,0.0017032234463840723,0.9223235249519348,0.3863697350025177,0,-0.00029185140738263726,-0.3863697052001953,0.9223246574401855,0,0.003246000036597252,0.15143999457359314,0,1
B17,mixamorig_LeftHandIndex3,16,0.9983193278312683,0.057926736772060394,0.0013369419611990452,0,-0.05620764568448067,0.9625748991966248,0.2650584876537323,0,0.014071726240217686,-0.2646874487400055,0.964213490486145,0,-0.003218000056222081,0.11913099884986877,0,1
B18,mixamorig_LeftHandIndex4,17,1,0,0,0,0,1,0,0,0,0,1,0,-0.000028000000384054147,0.09968400001525879,0,1
B19,mixamorig_RightShoulder,3,0.4590195119380951,-0.05366199463605881,0.8868016600608826,0,-0.8313092589378357,-0.37804242968559265,0.4074227511882782,0,0.313385009765625,-0.9242242574691772,-0.21814465522766113,0,-0.10886099934577942,0.2723180055618286,0.0001939999929163605,1
B20,mixamorig_RightArm,19,0.5167100429534912,-0.8333086967468262,-0.19629506766796112,0,0.6241835355758667,0.5235944390296936,-0.5797073841094971,0,0.5859454274177551,0.17695489525794983,0.7907270193099976,0,0,0.2262520045042038,0,1
B21,mixamorig_RightForeArm,20,0.9083178043365479,-0.41808077692985535,-0.0029282437171787024,0,0.41808974742889404,0.9082790017127991,0.008465822786092758,0,-0.0008826589328236878,-0.008913394063711166,0.9999602437019348,0,0,0.5606709718704224,0,1
B22,mixamorig_RightHand,21,0.9771439433097839,-0.06005069985985756,0.20388029515743256,0,0.09149926900863647,0.9846610426902771,-0.14849810302257538,0,-0.19183041155338287,0.1637648195028305,0.9676659107208252,0,0,0.4562090039253235,0,1
B23,mixamorig_RightHandThumb1,22,0.9067044258117676,-0.398210734128952,-0.13897855579853058,0,0.4205067753791809,0.8280659914016724,0.370784193277359,0,-0.03256715461611748,-0.39463362097740173,0.9182612299919128,0,0.07626300305128098,0.07689099758863449,0,1
B24,mixamorig_RightHandThumb2,23,0.854910671710968,0.46557241678237915,0.22884424030780792,0,-0.46247398853302,0.8838322758674622,-0.07041199505329132,0,-0.2350422739982605,-0.04563901573419571,0.9709132313728333,0,0.015768999233841896,0.08518999814987183,0,1
B25,mixamorig_RightHandThumb3,24,0.8804665803909302,-0.46781474351882935,-0.07699508965015411,0,0.42208993434906006,0.8474157452583313,-0.32206544280052185,0,0.2159143090248108,0.25106871128082275,0.9435812830924988,0,0.0038819999899715185,0.09520799666643143,0,1
B26,mixamorig_RightHandThumb4,25,1,0,0,0,0,1,0,0,0,0,1,0,-0.019650999456644058,0.06658300012350082,0,1
B27,mixamorig_RightHandIndex1,22,0.9363061189651489,-0.22513273358345032,-0.2695285975933075,0,0.3502335846424103,0.5421901941299438,0.7637842893600464,0,-0.02581719495356083,-0.8095338344573975,0.5865052938461304,0,0,0.11284700036048889,0.0026950000319629908,1
B28,mixamorig_RightHandIndex2,27,0.9963976740837097,-0.07524676620960236,-0.03911273181438446,0,0.07187353819608688,0.5044836401939392,0.8604244589805603,0,-0.0450129359960556,-0.8601363897323608,0.508074939250946,0,-0.004110999871045351,0.15492799878120422,0,1
B29,mixamorig_RightHandIndex3,28,0.9826865196228027,-0.16787545382976532,-0.07839120179414749,0,0.14611871540546417,0.4420747458934784,0.8849959969520569,0,-0.11391446739435196,-0.8811288475990295,0.4589512050151825,0,0.004586999770253897,0.1223910003900528,0,1
B30,mixamorig_RightHandIndex4,29,1,0,0,0,0,1,0,0,0,0,1,0,-0.00047599998652003706,0.09364800155162811,0,1
B31,mixamorig_LeftUpLeg,0,-0.9557383060455322,0.024774225428700447,0.29316088557243347,0,0.2745252847671509,-0.28329935669898987,0.9188686609268188,0,0.10582713782787323,0.9586797952651978,0.26395878195762634,0,0.187049001455307,-0.11460500210523605,-0.0032820000778883696,1
B32,mixamorig_LeftLeg,31,0.9815510511398315,-0.07557641714811325,0.1756284385919571,0,0.1575779765844345,0.8399811387062073,-0.5192109942436218,0,-0.10828710347414017,0.5373073816299438,0.8363934755325317,0,0,0.5946940183639526,0,1
B33,mixamorig_LeftFoot,32,0.9740760326385498,0.08860399574041367,0.2081487774848938,0,-0.2109345942735672,0.6882241368293762,0.6941563487052917,0,-0.0817476138472557,-0.720066487789154,0.6890714764595032,0,0,0.5307940244674683,0,1
B34,mixamorig_LeftToeBase,33,0.999396026134491,-0.004393818322569132,0.03446940332651138,0,-0.020173637196421623,0.7343301177024841,0.6784926652908325,0,-0.028293507173657417,-0.6787786483764648,0.7337981462478638,0,0,0.36083701252937317,0,1
B35,mixamorig_LeftToe_End,34,1,0,0,0,0,1,0,0,0,0,1,0,0,0.13561199605464935,0,1
B36,mixamorig_RightUpLeg,0,-0.9973090291023254,0.05257706344127655,-0.05105976387858391,0,-0.06012262776494026,-0.18845205008983612,0.9802130460739136,0,0.04192708060145378,0.9806472063064575,0.19110697507858276,0,-0.187049001455307,-0.11460500210523605,0.0013620000099763274,1
B37,mixamorig_RightLeg,36,0.9758028388023376,0.00646057166159153,-0.218556746840477,0,-0.17997786402702332,0.5913472771644592,-0.7860678434371948,0,0.1241644024848938,0.8063822388648987,0.5782012939453125,0,0,0.5951849818229675,0,1
B38,mixamorig_RightFoot,37,0.9490078091621399,-0.16656185686588287,-0.2676575481891632,0,0.3137724697589874,0.41691577434539795,0.8530686497688293,0,-0.030497683212161064,-0.8935530185699463,0.4479190409183502,0,0,0.5309349894523621,0,1
B39,mixamorig_RightToeBase,38,0.9986319541931152,0.010831611230969429,-0.05115153267979622,0,0.031408101320266724,0.6578447818756104,0.7524983882904053,0,0.04180022329092026,-0.753075361251831,0.6566047668457031,0,0,0.3575519919395447,0,1
B40,mixamorig_RightToe_End,39,1,0,0,0,0,1,0,0,0,0,1,0,0,0.13513900339603424,0,1
@34,0,1,2,3,4,5,7,8,9,10,11,12,13,15,16,17,19,20,21,22,23,24,25,27,28,29,31,32,33,34,36,37,38,39
K0.000,0.9981369972229004,-0.0487699992954731,0.036653000861406326,0,0.051026999950408936,0.9966819882392883,-0.06340999901294708,0,-0.03343899920582771,0.06516200304031372,0.9973139762878418,0,0.005679000169038773,1.4522470235824585,-0.0029879999347031116,1,0.998960018157959,0.03843199834227562,-0.02453400008380413,0,-0.037443000823259354,0.9985150098800659,0.03957799822092056,0,0.02601799927651882,-0.038617998361587524,0.9989150166511536,0,0,0.20628799498081207,-0.003951000049710274,1,0.9996150135993958,0.027310000732541084,-0.004854000173509121,0,-0.027205999940633774,0.9994249939918518,0.020248999819159508,0,0.005404999945312738,-0.02010899968445301,0.9997829794883728,0,0,0.2407130002975464,0,1,0.9996110200881958,0.027375999838113785,-0.005249999929219484,0,-0.02726699970662594,0.9994320273399353,0.019809000194072723,0,0.005789000075310469,-0.019657999277114868,0.9997900128364563,0,0,0.2751010060310364,0,1,0.9999679923057556,0.007685000076889992,0.00228599994443357,0,-0.007899999618530273,0.9930930137634277,0.11706399917602539,0,-0.0013699999544769526,-0.11707799881696701,0.9931219816207886,0,0,0.3094879984855652,0,1,0.9997100234031677,-0.0045889997854828835,-0.023625999689102173,0,0.0014390000142157078,0.9912940263748169,-0.1316549926996231,0,0.024024000391364098,0.13158300518989563,0.9910140037536621,0,0,0.15292400121688843,-0.0011180000146850944,1,0.28183498978614807,0.020318999886512756,-0.9592480063438416,0,0.8210880160331726,-0.522333025932312,0.23017899692058563,0,-0.49636998772621155,-0.8525000214576721,-0.16389499604701996,0,0.10886099934577942,0.27235299348831177,-0.0016169999726116657,1,0.9414029717445374,0.2893039882183075,-0.17338800430297852,0,-0.040897998958826065,0.6081920266151428,0.7927359938621521,0,0.3347949981689453,-0.7391930222511292,0.5843849778175354,0,0,0.2262520045042038,0,1,0.9996960163116455,0.024668000638484955,0.00033599999733269215,0,-0.024668000638484955,0.9996950030326843,0.0007409999961964786,0,-0.0003169999981764704,-0.0007489999989047647,1,0,0,0.560837984085083,0,1,0.9431859850883484,0.0466339997947216,0.32897600531578064,0,-0.07259300351142883,0.9951040148735046,0.06706699728965759,0,-0.32423800230026245,-0.08713900297880173,0.9419540166854858,0,0,0.4560370147228241,0,1,0.8765980005264282,0.4692699909210205,-0.1065870001912117,0,-0.4262239933013916,0.859952986240387,0.2807359993457794,0,0.2234009951353073,-0.2006630003452301,0.9538480043411255,0,-0.08322200179100037,0.06543400138616562,0,1,0.9070900082588196,-0.38606300950050354,-0.1677580028772354,0,0.3842509984970093,0.9221569895744324,-0.044475000351667404,0,0.17186999320983887,-0.024118000641465187,0.984824001789093,0,-0.006360999774187803,0.08445300161838531,0,1,0.9673219919204712,-0.186599001288414,0.1716649979352951,0,0.22224000096321106,0.9498999714851379,-0.21977299451828003,0,-0.12205500155687332,0.25074198842048645,0.960328996181488,0,0.00915099959820509,0.09665299952030182,0,1,0.9978460073471069,0.06479299813508987,0.010254999622702599,0,-0.06558799743652344,0.9882659912109375,0.13794399797916412,0,-0.0011970000341534615,-0.1383190006017685,0.9903870224952698,0,0,0.11323200166225433,0.0015119999879971147,1,0.9999189972877502,-0.01258500013500452,-0.0016959999920800328,0,0.012516999617218971,0.9542790055274963,0.2986539900302887,0,-0.002139999996870756,-0.2986510097980499,0.9543600082397461,0,0.003246000036597252,0.15143999457359314,0,1,0.999064028263092,0.04322899878025055,-0.0017130000051110983,0,-0.04256699979305267,0.9892870187759399,0.1396390050649643,0,0.0077309999614953995,-0.13943499326705933,0.9902009963989258,0,-0.003218000056222081,0.11913099884986877,0,1,0.2617909908294678,-0.01976899988949299,0.9649220108985901,0,-0.804269015789032,-0.5571249723434448,0.2067900002002716,0,0.5334939956665039,-0.8301929831504822,-0.16175000369548798,0,-0.10886099934577942,0.2723180055618286,0.0001939999929163605,1,0.8703600168228149,-0.3553299903869629,0.34090301394462585,0,0.02080100029706955,0.718218982219696,0.6955059766769409,0,-0.4919770061969757,-0.5982490181922913,0.6324999928474426,0,0,0.2262520045042038,0,1,0.9931660294532776,-0.11670000106096268,-0.0012100000167265534,0,0.11670300364494324,0.9931640028953552,0.0023640000727027655,0,0.0009260000078938901,-0.002489000093191862,0.9999960064888,0,0,0.5606709718704224,0,1,0.9929230213165283,-0.01627800054848194,-0.117637999355793,0,0.027094999328255653,0.9954869747161865,0.09095100313425064,0,0.1156269982457161,-0.0934939980506897,0.9888830184936523,0,0,0.4562090039253235,0,1,0.9088709950447083,-0.40501999855041504,0.09956099838018417,0,0.3658449947834015,0.888808012008667,0.27600398659706116,0,-0.20027799904346466,-0.21442799270153046,0.9559860229492188,0,0.07626300305128098,0.07689099758863449,0,1,0.8696100115776062,0.4727349877357483,0.1424809992313385,0,-0.4717319905757904,0.8806970119476318,-0.04291100054979324,0,-0.14576800167560577,-0.029897000640630722,0.9888669848442078,0,0.015768999233841896,0.08518999814987183,0,1,0.9633229970932007,-0.24575600028038025,-0.10776499658823013,0,0.198512002825737,0.9228569865226746,-0.3300429880619049,0,0.18056200444698334,0.29654499888420105,0.937794029712677,0,0.0038819999899715185,0.09520799666643143,0,1,0.9973220229148865,-0.07301399856805801,-0.004282999783754349,0,0.07292500138282776,0.9882130026817322,0.13460199534893036,0,-0.005594999995082617,-0.13455399870872498,0.9908909797668457,0,0,0.11284700036048889,0.0026950000319629908,1,0.9997850060462952,0.020576000213623047,0.002394000068306923,0,-0.02035599946975708,0.9544479846954346,0.2976840138435364,0,0.0038399999029934406,-0.297668993473053,0.954662024974823,0,-0.004110999871045351,0.15492799878120422,0,1,0.9980090260505676,-0.06300800293684006,0.002735000103712082,0,0.062015000730752945,0.988319993019104,0.13920700550079346,0,-0.011474000290036201,-0.13876000046730042,0.9902600049972534,0,0.004586999770253897,0.1223910003900528,0,1,-0.9527379870414734,-0.1529020071029663,0.26250800490379333,0,0.18798799812793732,-0.9755250215530396,0.11406800150871277,0,0.23864200711250305,0.15802599489688873,0.9581639766693115,0,0.187049001455307,-0.11460500210523605,-0.0032820000778883696,1,0.9986810088157654,0.03929299861192703,0.03303699940443039,0,-0.028951000422239304,0.9625239968299866,-0.2696479856967926,0,-0.04239499941468239,0.2683350145816803,0.9623919725418091,0,0,0.5946940183639526,0,1,0.9827820062637329,-0.02559100091457367,0.1829890012741089,0,-0.13427099585533142,0.5814239978790283,0.8024439811706543,0,-0.12692900002002716,-0.8131979703903198,0.5679770112037659,0,0,0.5307940244674683,0,1,0.999468982219696,-0.0037980000488460064,0.03236300125718117,0,-0.018890000879764557,0.7417320013046265,0.6704310178756714,0,-0.026551000773906708,-0.6706860065460205,0.7412660121917725,0,0,0.36083701252937317,0,1,-0.9868159890174866,-0.02558699995279312,-0.1598079949617386,0,0.04446199908852577,-0.9922909736633301,-0.11567500233650208,0,-0.15561699867248535,-0.12125600129365921,0.9803469777107239,0,-0.187049001455307,-0.11460500210523605,0.0013620000099763274,1,0.9842699766159058,-0.004951000213623047,-0.17659999430179596,0,-0.0004959999932907522,0.9995260238647461,-0.030787000432610512,0,0.17666900157928467,0.03039100021123886,0.983801007270813,0,0,0.5951849818229675,0,1,0.9761469960212708,-0.062245000153779984,-0.20799699425697327,0,0.2068910002708435,0.5571519732475281,0.8042250275611877,0,0.06582699716091156,-0.8280739784240723,0.5567399859428406,0,0,0.5309349894523621,0,1,0.9992660284042358,0.0060800001956522465,-0.0378279983997345,0,0.02236500009894371,0.7090740203857422,0.7047799825668335,0,0.03110799938440323,-0.7051079869270325,0.7084169983863831,0,0,0.3575519919395447,0,1
K0.033,0.998071014881134,-0.04871299862861633,0.038489021360874176,0,0.05110500007867813,0.9966509938240051,-0.06384000927209854,0,-0.03525002300739288,0.0656840056180954,0.9972180128097534,0,0.005658999551087618,1.4523229598999023,-0.0046630254946649075,1,0.998894989490509,0.03898100554943085,-0.026257019490003586,0,-0.03768400102853775,0.9981259703636169,0.04822111874818802,0,0.02808702364563942,-0.04717911779880524,0.9984909892082214,0,0,0.20628799498081207,-0.003951000049710274,1,0.999625027179718,0.026917997747659683,-0.005109003279358149,0,-0.02681099809706211,0.9994419813156128,0.019922997802495956,0,0.005643003154546022,-0.019777998328208923,0.9997879862785339,0,0,0.2407130002975464,0,1,0.9996209740638733,0.0269709974527359,-0.005513003095984459,0,-0.026858998462557793,0.9994490146636963,0.019478997215628624,0,0.0060350033454597,-0.019322998821735382,0.9997950196266174,0,0,0.2751010060310364,0,1,0.9999679923057556,0.007770000025629997,0.0020400003995746374,0,-0.007957999594509602,0.9927899837493896,0.11960004270076752,0,-0.001095999963581562,-0.11961204558610916,0.9928200244903564,0,0,0.3094879984855652,0,1,0.9996659755706787,-0.005921021103858948,-0.025141004472970963,0,0.0029830257408320904,0.9933249950408936,-0.11530779302120209,0,0.02565600536763668,0.11519479006528854,0.993012011051178,0,0,0.15292400121688843,-0.0011180000146850944,1,0.2803260087966919,0.02321302890777588,-0.9596239924430847,0,0.8205969929695129,-0.5244809985160828,0.22702597081661224,0,-0.4980340301990509,-0.8511059880256653,-0.1660740226507187,0,0.10886099934577942,0.27235299348831177,-0.0016169999726116657,1,0.9445149898529053,0.2706688940525055,-0.18608902394771576,0,-0.024365942925214767,0.6227131485939026,0.7820709347724915,0,0.3275619447231293,-0.7341439127922058,0.5947571396827698,0,0,0.2262520045042038,0,1,0.9966219663619995,0.08212237060070038,0.00042800113442353904,0,-0.08212336897850037,0.996618926525116,0.0024650110863149166,0,-0.00022399885347113013,-0.0024920115247368813,0.9999970197677612,0,0,0.560837984085083,0,1,0.9449570178985596,0.026390904560685158,0.3261289596557617,0,-0.05059189721941948,0.9965400099754333,0.06594899296760559,0,-0.32325997948646545,-0.07881895452737808,0.9430220127105713,0,0,0.4560370147228241,0,1,0.876147985458374,0.4650299549102783,-0.12693321704864502,0,-0.41992494463920593,0.8656110763549805,0.272727906703949,0,0.2367011457681656,-0.18564683198928833,0.9536809921264648,0,-0.08322200179100037,0.06543400138616562,0,1,0.9119700789451599,-0.375189870595932,-0.16596297919750214,0,0.371911883354187,0.9268320798873901,-0.05161507800221443,0,0.17318502068519592,-0.014651898294687271,0.9847800135612488,0,-0.006360999774187803,0.08445300161838531,0,1,0.9681959748268127,-0.19237706065177917,0.15996088087558746,0,0.22517603635787964,0.9486960172653198,-0.2219710350036621,0,-0.10905186086893082,0.2509309947490692,0.9618430137634277,0,0.00915099959820509,0.09665299952030182,0,1,0.9967309832572937,0.07989316433668137,0.012029016390442848,0,-0.08078416436910629,0.9877579808235168,0.13344794511795044,0,-0.0012200003257021308,-0.13398294150829315,0.9909830093383789,0,0,0.11323200166225433,0.0015119999879971147,1,0.99993497133255,-0.011288986541330814,-0.0015939988661557436,0,0.01122798677533865,0.9509329199790955,0.30919307470321655,0,-0.001974998041987419,-0.3091910779476166,0.9509979486465454,0,0.003246000036597252,0.15143999457359314,0,1,0.998989999294281,0.04491901770234108,-0.0014619971625506878,0,-0.04415801540017128,0.9870749711990356,0.1540551483631134,0,0.008363006636500359,-0.15383414924144745,0.9880610108375549,0,-0.003218000056222081,0.11913099884986877,0,1,0.26092201471328735,-0.018763987347483635,0.9651769995689392,0,-0.8055729866027832,-0.5551679730415344,0.20698200166225433,0,0.5319510102272034,-0.8315269947052002,-0.15997198224067688,0,-0.10886099934577942,0.2723180055618286,0.0001939999929163605,1,0.8670329451560974,-0.3647061288356781,0.33947598934173584,0,0.02727806754410267,0.7150570154190063,0.6985329985618591,0,-0.4975040853023529,-0.596390962600708,0.6299260258674622,0,0,0.2262520045042038,0,1,0.9943259954452515,-0.10636892914772034,-0.001186999841593206,0,0.10637092590332031,0.9943240284919739,0.0021539984736591578,0,0.0009510001982562244,-0.0022679984103888273,0.9999970197677612,0,0,0.5606709718704224,0,1,0.9939650297164917,-0.024756070226430893,-0.10686389356851578,0,0.034466058015823364,0.9953449964523315,0.09000299125909805,0,0.10413888841867447,-0.09314299374818802,0.9901919960975647,0,0,0.4562090039253235,0,1,0.9106690287590027,-0.40230897068977356,0.09396395087242126,0,0.3653320074081421,0.8903899788856506,0.2715469300746918,0,-0.19290992617607117,-0.21296198666095734,0.9578269720077515,0,0.07626300305128098,0.07689099758863449,0,1,0.8692010045051575,0.4736810028553009,0.1418289989233017,0,-0.4718720018863678,0.8803430199623108,-0.048294056206941605,0,-0.14773401618003845,-0.02494794875383377,0.9887120127677917,0,0.015768999233841896,0.08518999814987183,0,1,0.9604969620704651,-0.25713011622428894,-0.10644098371267319,0,0.20979511737823486,0.9203320145606995,-0.3301140069961548,0,0.18284302949905396,0.29474297165870667,0.9379209876060486,0,0.0038819999899715185,0.09520799666643143,0,1,0.9962779879570007,-0.08583714067935944,-0.00786504615098238,0,0.08604513853788376,0.9849769473075867,0.14972418546676636,0,-0.005104994401335716,-0.14984320104122162,0.9886969327926636,0,0,0.11284700036048889,0.0026950000319629908,1,0.9998030066490173,0.019709989428520203,0.0023559993132948875,0,-0.01949498802423477,0.9526690244674683,0.30338409543037415,0,0.003734998404979706,-0.30337008833885193,0.9528660178184509,0,-0.004110999871045351,0.15492799878120422,0,1,0.9978240132331848,-0.06589003652334213,0.0021889926865696907,0,0.06470202654600143,0.9851219654083252,0.15921424329280853,0,-0.012648015283048153,-0.15872624516487122,0.9872419238090515,0,0.004586999770253897,0.1223910003900528,0,1,-0.9531040191650391,-0.1529799997806549,0.26113298535346985,0,0.18774700164794922,-0.975612998008728,0.11370798945426941,0,0.23736998438835144,0.15740197896957397,0.9585819840431213,0,0.187049001455307,-0.11460500210523605,-0.0032820000778883696,1,0.99857097864151,0.039726004004478455,0.03575802966952324,0,-0.028713993728160858,0.9629960060119629,-0.2679809629917145,0,-0.04508103057742119,0.26657095551490784,0.9627609848976135,0,0,0.5946940183639526,0,1,0.9827089905738831,-0.024982988834381104,0.18346400558948517,0,-0.13474899530410767,0.5830659866333008,0.8011720180511475,0,-0.1269879937171936,-0.8120399713516235,0.5696179866790771,0,0,0.5307940244674683,0,1,0.9994710087776184,-0.0037799999117851257,0.03229700028896332,0,-0.01885100081562996,0.7419589757919312,0.6701809763908386,0,-0.026497000828385353,-0.6704350113868713,0.7414950132369995,0,0,0.36083701252937317,0,1,-0.9868900179862976,-0.02541799657046795,-0.15937800705432892,0,0.04299698397517204,-0.9932379722595215,-0.10784092545509338,0,-0.15556000173091888,-0.11327992379665375,0.9813100099563599,0,-0.187049001455307,-0.11460500210523605,0.0013620000099763274,1,0.9845209717750549,-0.006567008793354034,-0.17514099180698395,0,-0.0013480127090588212,0.9989849925041199,-0.04503112658858299,0,0.17525897920131683,0.04457012563943863,0.9835129976272583,0,0,0.5951849818229675,0,1,0.9762619733810425,-0.061883002519607544,-0.20756599307060242,0,0.2067060023546219,0.5524439215660095,0.8075140118598938,0,0.06469698250293732,-0.831250011920929,0.5521209239959717,0,0,0.5309349894523621,0,1,0.9992640018463135,0.00609100004658103,-0.037859998643398285,0,0.02238599956035614,0.7089539766311646,0.7049000263214111,0,0.03113500028848648,-0.7052289843559265,0.708296000957489,0,0,0.3575519919395447,0,1
K0.067,0.9979860186576843,-0.048624999821186066,0.040740977972745895,0,0.05119499936699867,0.9965980052947998,-0.06459099054336548,0,-0.03746097907423973,0.06654699146747589,0.9970800280570984,0,0.005612000357359648,1.452420949935913,-0.007202974986284971,1,0.9988279938697815,0.03935299441218376,-0.028176981955766678,0,-0.03759999945759773,0.9974750280380249,0.060244880616664886,0,0.030475975945591927,-0.05911488085985184,0.9977859854698181,0,0,0.20628799498081207,-0.003951000049710274,1,0.9996280074119568,0.02673400193452835,-0.005430996883660555,0,-0.026622001081705093,0.9994490146636963,0.019804002717137337,0,0.005956996697932482,-0.019652001559734344,0.9997889995574951,0,0,0.2407130002975464,0,1,0.999625027179718,0.026764001697301865,-0.005857996642589569,0,-0.026646001264452934,0.9994580149650574,0.019356001168489456,0,0.0063729966059327126,-0.019193001091480255,0.9997950196266174,0,0,0.2751010060310364,0,1,0.9999679923057556,0.0077599999494850636,0.002076999517157674,0,-0.007957999594509602,0.9922440052032471,0.124053955078125,0,-0.0010979999788105488,-0.12406695634126663,0.9922729730606079,0,0,0.3094879984855652,0,1,0.9996430277824402,-0.008004979230463505,-0.025502996519207954,0,0.005563974380493164,0.9955220222473145,-0.09436720609664917,0,0.02614399418234825,0.09419120848178864,0.9952110052108765,0,0,0.15292400121688843,-0.0011180000146850944,1,0.27890801429748535,0.02627296932041645,-0.959958016872406,0,0.820044994354248,-0.5267069935798645,0.22384202480316162,0,-0.4997359812259674,-0.8496410250663757,-0.16844797134399414,0,0.10886099934577942,0.27235299348831177,-0.0016169999726116657,1,0.947160005569458,0.25885912775993347,-0.1894189715385437,0,-0.018621057271957397,0.6339088678359985,0.7731830477714539,0,0.32022005319595337,-0.7288010716438293,0.605233907699585,0,0,0.2262520045042038,0,1,0.9928480386734009,0.11938462406396866,0.000540998880751431,0,-0.11938562989234924,0.9928410649299622,0.0035839888732880354,0,-0.00010900114284595475,-0.003622988937422633,0.9999930262565613,0,0,0.560837984085083,0,1,0.9459810256958008,0.016935093328356743,0.32377901673316956,0,-0.040163103491067886,0.9970639944076538,0.0651950091123581,0,-0.3217250406742096,-0.07467704266309738,0.943884015083313,0,0,0.4560370147228241,0,1,0.875328004360199,0.45985105633735657,-0.14945778250694275,0,-0.41302505135536194,0.87180095911026,0.26338908076286316,0,0.2514178454875946,-0.16882216930389404,0.9530419707298279,0,-0.08322200179100037,0.06543400138616562,0,1,0.9170469641685486,-0.3634661138057709,-0.1640620082616806,0,0.3586251139640808,0.9315969347953796,-0.059289924800395966,0,0.17438998818397522,-0.004465100821107626,0.9846670031547546,0,-0.006360999774187803,0.08445300161838531,0,1,0.9689289927482605,-0.1986159384250641,0.14740611612796783,0,0.2283269762992859,0.9473900198936462,-0.22431796789169312,0,-0.09509813785552979,0.25100499391555786,0.9633030295372009,0,0.00915099959820509,0.09665299952030182,0,1,0.9952920079231262,0.09594584256410599,0.01371198333799839,0,-0.09691283851861954,0.9870319962501526,0.12797105312347412,0,-0.0012559996685013175,-0.12869705259799957,0.9916830062866211,0,0,0.11323200166225433,0.0015119999879971147,1,0.9999489784240723,-0.010006013326346874,-0.0014790011337026954,0,0.009954012930393219,0.9475030303001404,0.31959089636802673,0,-0.0017960018012672663,-0.31958889961242676,0.9475550651550293,0,0.003246000036597252,0.15143999457359314,0,1,0.9989110231399536,0.04663398116827011,-0.0011810028227046132,0,-0.04576698690652847,0.9846069812774658,0.16868485510349274,0,0.009028993546962738,-0.1684468537569046,0.9856690168380737,0,-0.003218000056222081,0.11913099884986877,0,1,0.25989100337028503,-0.017544012516736984,0.9654780030250549,0,-0.807030975818634,-0.5529670119285583,0.20719200372695923,0,0.5302429795265198,-0.8330180048942566,-0.15787000954151154,0,-0.10886099934577942,0.2723180055618286,0.0001939999929163605,1,0.8619890809059143,-0.3758108913898468,0.3402070105075836,0,0.03402293473482132,0.7124940156936646,0.7008529901504517,0,-0.5057839155197144,-0.5925520658493042,0.6269490122795105,0,0,0.2262520045042038,0,1,0.9951239824295044,-0.09862407296895981,-0.0011710000690072775,0,0.09862707555294037,0.9951220154762268,0.001997001701965928,0,0.0009679998038336635,-0.0021030015777796507,0.9999970197677612,0,0,0.5606709718704224,0,1,0.9948650002479553,-0.03185492753982544,-0.09606810659170151,0,0.040457941591739655,0.9952110052108765,0.08898400515317917,0,0.09277310967445374,-0.09241300821304321,0.9913889765739441,0,0,0.4562090039253235,0,1,0.9125409722328186,-0.39928603172302246,0.0885370522737503,0,0.3645760118961334,0.8922719955444336,0.2663370668888092,0,-0.18534407019615173,-0.2107650190591812,0.9598050117492676,0,0.07626300305128098,0.07689099758863449,0,1,0.8687769770622253,0.47468000650405884,0.14108900725841522,0,-0.47201499342918396,0.879938006401062,-0.05395594239234924,0,-0.14976099133491516,-0.01972005143761635,0.9885249733924866,0,0.015768999233841896,0.08518999814987183,0,1,0.9573970437049866,-0.26899388432502747,-0.10503601282835007,0,0.2215798795223236,0.9175549745559692,-0.330145001411438,0,0.18518397212028503,0.2928060293197632,0.9380679726600647,0,0.0038819999899715185,0.09520799666643143,0,1,0.9949229955673218,-0.0998658612370491,-0.012486954219639301,0,0.10054086148738861,0.9806220531463623,0.16814182698726654,0,-0.004546005744487047,-0.16854281723499298,0.9856840372085571,0,0,0.11284700036048889,0.0026950000319629908,1,0.9998260140419006,0.01852901093661785,0.0022960007190704346,0,-0.01832401193678379,0.9501889944076538,0.3111339211463928,0,0.0035830014385282993,-0.3111219108104706,0.9503629803657532,0,-0.004110999871045351,0.15492799878120422,0,1,0.9975950121879578,-0.06929796189069748,0.0014660072047263384,0,0.06786196678876877,0.9807870388031006,0.18289975821971893,0,-0.014111985452473164,-0.1823597550392151,0.9831310510635376,0,0.004586999770253897,0.1223910003900528,0,1,-0.9534479975700378,-0.15313400328159332,0.2597840130329132,0,0.18754300475120544,-0.9757159948348999,0.11316100507974625,0,0.23614701628684998,0.15661302208900452,0.9590129852294922,0,0.187049001455307,-0.11460500210523605,-0.0032820000778883696,1,0.998445987701416,0.039945997297763824,0.03884696960449219,0,-0.02823200635612011,0.9637309908866882,-0.26537802815437317,0,-0.048038970679044724,0.2638690173625946,0.9633619785308838,0,0,0.5946940183639526,0,1,0.9826380014419556,-0.02386201173067093,0.18399199843406677,0,-0.13542500138282776,0.5855990052223206,0.7992079854011536,0,-0.1268160045146942,-0.8102489709854126,0.5722010135650635,0,0,0.5307940244674683,0,1,0.9994710087776184,-0.003782999934628606,0.032308001071214676,0,-0.018857000395655632,0.7419229745864868,0.6702200174331665,0,-0.0265050008893013,-0.6704739928245544,0.7414590120315552,0,0,0.36083701252937317,0,1,-0.9870169758796692,-0.02513100393116474,-0.15863800048828125,0,0.041435014456510544,-0.9940919876098633,-0.10032007098197937,0,-0.15518000721931458,-0.1055910736322403,0.9822270274162292,0,-0.187049001455307,-0.11460500210523605,0.0013620000099763274,1,0.98478102684021,-0.007461991161108017,-0.17364001274108887,0,-0.0026109875179827213,0.9983299970626831,-0.05771087482571602,0,0.17378000915050507,0.05728587508201599,0.9831169843673706,0,0,0.5951849818229675,0,1,0.9763540029525757,-0.06210799515247345,-0.20706500113010406,0,0.20669199526309967,0.5488320589065552,0.8099769949913025,0,0.0633380115032196,-0.8336219787597656,0.5486910343170166,0,0,0.5309349894523621,0,1,0.9992629885673523,0.006099000107496977,-0.03788699954748154,0,0.02240299992263317,0.708856999874115,0.7049970030784607,0,0.03115599974989891,-0.7053260207176208,0.7081980109214783,0,0,0.3575519919395447,0,1
