1.667,30,50,41
B0,mixamorig_Hips,-1,0.9889910221099854,0.11073749512434006,-0.09803597629070282,0,-0.09714699536561966,0.9861875176429749,0.13374356925487518,0,0.11145458370447159,-0.12276315689086914,0.9861096739768982,0,0.04223636910319328,1.447888970375061,0.021159660071134567,1
B1,mixamorig_Spine,0,0.9994915127754211,-0.028145838528871536,-0.014463466592133045,0,0.02898901142179966,0.9976505041122437,0.062031298875808716,0,0.012684752233326435,-0.062425751239061356,0.9979634881019592,0,0,0.20628799498081207,-0.003951000049710274,1
B2,mixamorig_Spine1,1,0.9989725947380066,-0.03541219234466553,-0.026954850181937218,0,0.039480216801166534,0.9847080111503601,0.16961319744586945,0,0.020537611097097397,-0.17054080963134766,0.9851115345954895,0,0,0.2407130002975464,0,1
B3,mixamorig_Spine2,2,0.9990553259849548,-0.034916725009679794,-0.02445111609995365,0,0.03857500106096268,0.9846570491790771,0.17011764645576477,0,0.01813662424683571,-0.17093601822853088,0.9850900769233704,0,0,0.2751010060310364,0,1
B4,mixamorig_Neck,3,0.9963358044624329,0.05670301243662834,0.06396383047103882,0,-0.05919002369046211,0.9975297451019287,0.03775852173566818,0,-0.06166780740022659,-0.0414096862077713,0.9972322583198547,0,0,0.3094879984855652,0,1
B5,mixamorig_Head,4,0.9894506335258484,0.003096503671258688,0.1437404751777649,0,0.04878655821084976,0.9329773187637329,-0.3565736413002014,0,-0.13521608710289001,0.3598445951938629,0.9229772090911865,0,0,0.15292400121688843,-0.0011180000146850944,1
B6,mixamorig_HeadTop_End,5,1,0,0,0,0,1,0,0,0,0,1,0,0,1.1334810256958008,-0.008286000229418278,1
B7,mixamorig_LeftShoulder,3,-0.0036151385866105556,0.011019940488040447,-0.9999322295188904,0,0.9032378196716309,-0.4290502667427063,-0.00799458846449852,0,-0.42910924553871155,-0.9032061100006104,-0.008403898216784,0,0.10886099934577942,0.27235299348831177,-0.0016169999726116657,1
B8,mixamorig_LeftArm,7,0.9365633130073547,0.3499518632888794,0.00772847468033433,0,-0.33545544743537903,0.8904793858528137,0.3066146969795227,0,0.10072348266839981,-0.2898683249950409,0.9515389204025269,0,0,0.2262520045042038,0,1
B9,mixamorig_LeftForeArm,8,0.5300953388214111,0.8470731377601624,0.0378153957426548,0,-0.8479247689247131,0.5296226739883423,0.022776946425437927,0,-0.0007391332183033228,-0.044133275747299194,0.9990074038505554,0,0,0.560837984085083,0,1
B10,mixamorig_LeftHand,9,0.9764870405197144,0.2114235758781433,-0.035900797694921494,0,-0.20434242486953735,0.9682394862174988,0.14340348541736603,0,0.0651218369603157,-0.1329536885023117,0.9888308644294739,0,0,0.4560370147228241,0,1
B11,mixamorig_LeftHandThumb1,10,0.7747125625610352,0.6316503882408142,-0.028760528191924095,0,-0.5752149820327759,0.7229230403900146,0.38275235891342163,0,0.26255863904953003,-0.27998360991477966,0.9234026074409485,0,-0.08322200179100037,0.06543400138616562,0,1
B12,mixamorig_LeftHandThumb2,11,0.9823124408721924,-0.1870071291923523,0.008757404051721096,0,0.18676286935806274,0.9821179509162903,0.02296878956258297,0,-0.012912772595882416,-0.02092195861041546,0.9996864199638367,0,-0.006360999774187803,0.08445300161838531,0,1
B13,mixamorig_LeftHandThumb3,12,0.9395074844360352,-0.3423367440700531,0.011256272904574871,0,0.34250423312187195,0.9386134743690491,-0.041120752692222595,0,0.003510675858706236,0.042489271610975266,0.9990902543067932,0,0.00915099959820509,0.09665299952030182,0,1
B14,mixamorig_LeftHandThumb4,13,1,0,0,0,0,1,0,0,0,0,1,0,-0.0027910000644624233,0.07388699799776077,0,1
B15,mixamorig_LeftHandIndex1,10,0.9986605048179626,-0.022977160289883614,0.04636063426733017,0,-0.01809922233223915,0.684267520904541,0.7289981245994568,0,-0.04847225174307823,-0.7288610935211182,0.6829348206520081,0,0,0.11323200166225433,0.0015119999879971147,1
B16,mixamorig_LeftHandIndex2,15,0.9999867677688599,0.00504140742123127,0.0009545339271426201,0,-0.004984405357390642,0.9103652238845825,0.4137621819972992,0,0.0012185410596430302,-0.413761168718338,0.9103777408599854,0,0.003246000036597252,0.15143999457359314,0,1
B17,mixamorig_LeftHandIndex3,16,0.9955167174339294,0.09399565309286118,0.010537298396229744,0,-0.09283188730478287,0.949647068977356,0.29923272132873535,0,0.018121369183063507,-0.29886946082115173,0.9541158676147461,0,-0.003218000056222081,0.11913099884986877,0,1
B18,mixamorig_LeftHandIndex4,17,1,0,0,0,0,1,0,0,0,0,1,0,-0.000028000000384054147,0.09968400001525879,0,1
B19,mixamorig_RightShoulder,3,0.05772298946976662,-0.012144220992922783,0.9982567429542542,0,-0.8421332836151123,-0.53759765625,0.042151063680648804,0,0.5361483693122864,-0.8431010246276855,-0.04126669839024544,0,-0.10886099934577942,0.2723180055618286,0.0001939999929163605,1
B20,mixamorig_RightArm,19,0.9601300954818726,0.22824572026729584,0.1605718582868576,0,-0.2660389840602875,0.9219805598258972,0.2806359827518463,0,-0.08383353799581528,-0.3121202886104584,0.946230411529541,0,0,0.2262520045042038,0,1
B21,mixamorig_RightForeArm,20,0.2964944839477539,-0.9508402347564697,-0.08920616656541824,0,0.9549826383590698,0.2959767282009125,0.019297759979963303,0,0.008061875589191914,-0.0909089595079422,0.9958250522613525,0,0,0.5606709718704224,0,1
B22,mixamorig_RightHand,21,0.9980894923210144,0.01669587567448616,-0.05886995419859886,0,-0.000833940168377012,0.9656585454940796,0.259650856256485,0,0.06115648150444031,-0.2591359317302704,0.9638944268226624,0,0,0.4562090039253235,0,1
B23,mixamorig_RightHandThumb1,22,0.8403729796409607,-0.5393832325935364,0.053272999823093414,0,0.47986900806427,0.7861210107803345,0.3895379900932312,0,-0.2519890069961548,-0.30179300904273987,0.9194679856300354,0,0.07626300305128098,0.07689099758863449,0,1
B24,mixamorig_RightHandThumb2,23,0.9787930250167847,0.20451800525188446,-0.011692999862134457,0,-0.20446600019931793,0.9788579940795898,0.005495999939739704,0,0.012570000253617764,-0.002988999942317605,0.9999169707298279,0,0.015768999233841896,0.08518999814987183,0,1
B25,mixamorig_RightHandThumb3,24,0.9924690127372742,-0.11954700201749802,-0.026698999106884003,0,0.11786500364542007,0.9913600087165833,-0.05756499990820885,0,0.033351000398397446,0.053984999656677246,0.9979850053787231,0,0.0038819999899715185,0.09520799666643143,0,1
B26,mixamorig_RightHandThumb4,25,1,0,0,0,0,1,0,0,0,0,1,0,-0.019650999456644058,0.06658300012350082,0,1
B27,mixamorig_RightHandIndex1,22,0.9989007711410522,0.01654098741710186,-0.0438426211476326,0,0.020514924079179764,0.6868196725845337,0.7264836430549622,0,0.04211847856640816,-0.7265859246253967,0.6857264637947083,0,0,0.11284700036048889,0.0026950000319629908,1
B28,mixamorig_RightHandIndex2,27,0.9999539852142334,0.009397000074386597,0.001905999961309135,0,-0.009363999590277672,0.9142820239067078,0.4049690067768097,0,0.0020630001090466976,-0.4049690067768097,0.9143279790878296,0,-0.004110999871045351,0.15492799878120422,0,1
B29,mixamorig_RightHandIndex3,28,0.9938269853591919,-0.11048799753189087,-0.009980999864637852,0,0.10862299799919128,0.9508579969406128,0.2899489998817444,0,-0.022545000538229942,-0.28924399614334106,0.9569900035858154,0,0.004586999770253897,0.1223910003900528,0,1
B30,mixamorig_RightHandIndex4,29,1,0,0,0,0,1,0,0,0,0,1,0,-0.00047599998652003706,0.09364800155162811,0,1
B31,mixamorig_LeftUpLeg,0,-0.9944207072257996,0.04598189890384674,0.09455767273902893,0,0.009673316963016987,-0.8554420471191406,0.5176651477813721,0,0.10477356612682343,0.5157209634780884,0.8502811789512634,0,0.187049001455307,-0.11460500210523605,-0.0032820000778883696,1
B32,mixamorig_LeftLeg,31,0.977276086807251,-0.20396453142166138,-0.0563628152012825,0,0.03617274761199951,0.4252914786338806,-0.9034760594367981,0,0.20813654363155365,0.8809539675712585,0.4229831099510193,0,0,0.5946940183639526,0,1
B33,mixamorig_LeftFoot,32,0.980097770690918,-0.02303891070187092,0.1971752643585205,0,-0.172712042927742,0.39068174362182617,0.904154896736145,0,-0.09786275774240494,-0.9202144742012024,0.3789275586605072,0,0,0.5307940244674683,0,1
B34,mixamorig_LeftToeBase,33,0.9998147487640381,0.00173663638997823,0.01914217881858349,0,-0.013151746243238449,0.7879430055618286,0.6155921816825867,0,-0.014014733023941517,-0.6157299280166626,0.787820041179657,0,0,0.36083701252937317,0,1
B35,mixamorig_LeftToe_End,34,1,0,0,0,0,1,0,0,0,0,1,0,0,0.13561199605464935,0,1
B36,mixamorig_RightUpLeg,0,-0.9734854102134705,0.16596047580242157,-0.1574118584394455,0,-0.20578880608081818,-0.9348074793815613,0.28701722621917725,0,-0.09959421306848526,0.31181472539901733,0.9441661834716797,0,-0.187049001455307,-0.11460500210523605,0.0013620000099763274,1
B37,mixamorig_RightLeg,36,0.9892935752868652,-0.03182592615485191,-0.14239433407783508,0,-0.04142807796597481,0.874408483505249,-0.4828543961048126,0,0.1398410052061081,0.4835900366306305,0.8637340664863586,0,0,0.5951849818229675,0,1
B38,mixamorig_RightFoot,37,0.9809815883636475,0.04062429443001747,-0.1897720843553543,0,0.16564789414405823,0.33426547050476074,0.9277858734130859,0,0.1011429950594902,-0.9415823221206665,0.3211832642555237,0,0,0.5309349894523621,0,1
B39,mixamorig_RightToeBase,38,0.9999152421951294,-0.0004492951848078519,-0.013025924563407898,0,0.008322739973664284,0.7911302447319031,0.6115915179252625,0,0.0100304139778018,-0.6116482615470886,0.7910662293434143,0,0,0.3575519919395447,0,1
B40,mixamorig_RightToe_End,39,1,0,0,0,0,1,0,0,0,0,1,0,0,0.13513900339603424,0,1
@34,0,1,2,3,4,5,7,8,9,10,11,12,13,15,16,17,19,20,21,22,23,24,25,27,28,29,31,32,33,34,36,37,38,39
K0.000,0.9887189865112305,0.11668100208044052,-0.09392099827528,0,-0.10514900088310242,0.9872419834136963,0.11957400292158127,0,0.10667400062084198,-0.1083500012755394,0.9883729815483093,0,0.03881699964404106,1.451799988746643,-0.016340000554919243,1,0.9992709755897522,-0.031498998403549194,-0.0215620007365942,0,0.03277299925684929,0.9975659847259521,0.06155399978160858,0,0.019571000710129738,-0.06221599876880646,0.9978709816932678,0,0,0.20628799498081207,-0.003951000049710274,1,0.9982240200042725,-0.042086001485586166,-0.04216400161385536,0,0.04870299994945526,0.984112024307251,0.170741006731987,0,0.03430899977684021,-0.17249099910259247,0.9844130277633667,0,0,0.2407130002975464,0,1,0.998354971408844,-0.04151599854230881,-0.03954000025987625,0,0.0477139987051487,0.9840220212936401,0.17153300344944,0,0.031787000596523285,-0.17313799262046814,0.9843850135803223,0,0,0.2751010060310364,0,1,0.9962159991264343,0.05561700090765953,0.06679300218820572,0,-0.057822998613119125,0.9978280067443848,0.03156900033354759,0,-0.0648920014500618,-0.035312000662088394,0.9972670078277588,0,0,0.3094879984855652,0,1,0.9840400218963623,0.013512999750673771,0.17743200063705444,0,0.05048099905252457,0.9349499940872192,-0.35116899013519287,0,-0.17063599824905396,0.3545210063457489,0.9193469882011414,0,0,0.15292400121688843,-0.0011180000146850944,1,-0.0025579999200999737,0.01130599994212389,-0.9999330043792725,0,0.900518000125885,-0.4347589910030365,-0.0072200000286102295,0,-0.434810996055603,-0.9004759788513184,-0.009069000370800495,0,0.10886099934577942,0.27235299348831177,-0.0016169999726116657,1,0.944445013999939,0.3280029892921448,-0.020912999287247658,0,-0.3104749917984009,0.911234974861145,0.2706589996814728,0,0.10783399641513824,-0.2491299957036972,0.962448000907898,0,0,0.2262520045042038,0,1,0.5180379748344421,0.8548210263252258,0.03029000014066696,0,-0.855334997177124,0.5174400210380554,0.025655999779701233,0,0.006258000154048204,-0.03919899836182594,0.9992120265960693,0,0,0.560837984085083,0,1,0.974524974822998,0.22418299317359924,0.006603999994695187,0,-0.2228340059518814,0.9644849896430969,0.14182299375534058,0,0.025425000116229057,-0.13968199491500854,0.989870011806488,0,0,0.4560370147228241,0,1,0.7797070145606995,0.6253150105476379,-0.03221900016069412,0,-0.5680369734764099,0.7280600070953369,0.38374900817871094,0,0.2634209990501404,-0.28091099858283997,0.9228749871253967,0,-0.08322200179100037,0.06543400138616562,0,1,0.9841979742050171,-0.17690600454807281,0.007619000039994717,0,0.17682799696922302,0.9841920137405396,0.009913000278174877,0,-0.009251999668776989,-0.008409000001847744,0.999921977519989,0,-0.006360999774187803,0.08445300161838531,0,1,0.9414790272712708,-0.33688798546791077,0.011079000309109688,0,0.3370459973812103,0.940509021282196,-0.04292700067162514,0,0.004040999803692102,0.044149000197649,0.9990170001983643,0,0.00915099959820509,0.09665299952030182,0,1,0.9986900091171265,-0.023628000169992447,0.04538499936461449,0,-0.016489999368786812,0.6910409927368164,0.7226279973983765,0,-0.04843699932098389,-0.7224289774894714,0.6897460222244263,0,0,0.11323200166225433,0.0015119999879971147,1,0.9999920129776001,0.0038930000737309456,0.0007140000234358013,0,-0.0038479999639093876,0.9142109751701355,0.40522098541259766,0,0.0009250000002793968,-0.40522000193595886,0.9142190217971802,0,0.003246000036597252,0.15143999457359314,0,1,0.9956259727478027,0.09286800026893616,0.01018999982625246,0,-0.09181799739599228,0.952521026134491,0.2902989983558655,0,0.017253000289201736,-0.2899650037288666,0.9568819999694824,0,-0.003218000056222081,0.11913099884986877,0,1,0.0554330013692379,-0.012215999886393547,0.9983879923820496,0,-0.8462399840354919,-0.5312610268592834,0.04048499837517738,0,0.5299100279808044,-0.8471199870109558,-0.03978699818253517,0,-0.10886099934577942,0.2723180055618286,0.0001939999929163605,1,0.9675170183181763,0.19767500460147858,0.15759100019931793,0,-0.23367400467395782,0.9371600151062012,0.25909000635147095,0,-0.09647200256586075,-0.28749901056289673,0.9529100060462952,0,0,0.2262520045042038,0,1,0.3133769929409027,-0.9451419711112976,-0.09220399707555771,0,0.949567973613739,0.31297099590301514,0.01920199953019619,0,0.01070799957960844,-0.0935709998011589,0.9955549836158752,0,0,0.5606709718704224,0,1,0.9974719882011414,-0.008956000208854675,-0.07048799842596054,0,0.027288999408483505,0.9642289876937866,0.26366400718688965,0,0.06560499966144562,-0.26492100954055786,0.9620360136032104,0,0,0.4562090039253235,0,1,0.8403729796409607,-0.5393829941749573,0.053272999823093414,0,0.47986900806427,0.7861210107803345,0.3895379900932312,0,-0.2519890069961548,-0.30179300904273987,0.9194679856300354,0,0.07626300305128098,0.07689099758863449,0,1,0.9787930250167847,0.20451800525188446,-0.011692999862134457,0,-0.20446600019931793,0.9788579940795898,0.005495999939739704,0,0.012570000253617764,-0.002988999942317605,0.9999169707298279,0,0.015768999233841896,0.08518999814987183,0,1,0.9924690127372742,-0.11954700201749802,-0.02669999934732914,0,0.11786500364542007,0.9913600087165833,-0.05756499990820885,0,0.033351000398397446,0.053984999656677246,0.9979850053787231,0,0.0038819999899715185,0.09520799666643143,0,1,0.9989510178565979,0.017493000254034996,-0.04232199862599373,0,0.018185999244451523,0.6966249942779541,0.7172049880027771,0,0.0420290008187294,-0.7172219753265381,0.695576012134552,0,0,0.11284700036048889,0.0026950000319629908,1,0.9999539852142334,0.009397000074386597,0.001905999961309135,0,-0.009363999590277672,0.9142820239067078,0.4049690067768097,0,0.0020630001090466976,-0.4049690067768097,0.9143279790878296,0,-0.004110999871045351,0.15492799878120422,0,1,0.9938269853591919,-0.11048799753189087,-0.009980999864637852,0,0.10862299799919128,0.9508579969406128,0.2899489998817444,0,-0.022545000538229942,-0.28924399614334106,0.9569900035858154,0,0.004586999770253897,0.1223910003900528,0,1,-0.9944829940795898,0.05640999972820282,0.08844099938869476,0,-0.0010949999559670687,-0.8486379981040955,0.5289720296859741,0,0.1048939973115921,0.5259569883346558,0.8440179824829102,0,0.187049001455307,-0.11460500210523605,-0.0032820000778883696,1,0.9808300137519836,-0.18972399830818176,-0.04447299987077713,0,0.05279500037431717,0.47840699553489685,-0.876550018787384,0,0.18757900595664978,0.8573979735374451,0.47925201058387756,0,0,0.5946940183639526,0,1,0.9801080226898193,-0.023838000372052193,0.1970299929380417,0,-0.17135900259017944,0.39920398592948914,0.9007070064544678,0,-0.1001259982585907,-0.9165520071983337,0.3871780037879944,0,0,0.5307940244674683,0,1,0.9998350143432617,0.0031880000606179237,0.017886999994516373,0,-0.013559999875724316,0.7861999869346619,0.6178230047225952,0,-0.01209300011396408,-0.6179640293121338,0.786113977432251,0,0,0.36083701252937317,0,1,-0.972786009311676,0.16964399814605713,-0.15782399475574493,0,-0.20360800623893738,-0.9509750008583069,0.23278799653053284,0,-0.11059600114822388,0.2585870027542114,0.9596359729766846,0,-0.187049001455307,-0.11460500210523605,0.0013620000099763274,1,0.9900209903717041,-0.031096000224351883,-0.13744300603866577,0,-0.03515100106596947,0.8900200128555298,-0.45456498861312866,0,0.13646200299263,0.45486000180244446,0.880046010017395,0,0,0.5951849818229675,0,1,0.9812970161437988,0.044443000108003616,-0.1872970014810562,0,0.1631779968738556,0.32411399483680725,0.9318379759788513,0,0.10211999714374542,-0.9449729919433594,0.3107999861240387,0,0,0.5309349894523621,0,1,0.9999110102653503,-0.00023799999326001853,-0.01334299985319376,0,0.008351000025868416,0.791034996509552,0.6117140054702759,0,0.01040900032967329,-0.6117709875106812,0.7909669876098633,0,0,0.3575519919395447,0,1
K0.033,0.9887250065803528,0.12137500941753387,-0.0877029150724411,0,-0.11238303035497665,0.9885110259056091,0.10107488185167313,0,0.09896291047334671,-0.09007889032363892,0.9910060167312622,0,0.03462196886539459,1.4532660245895386,-0.02416207641363144,1,0.9989460110664368,-0.03416101634502411,-0.030659081414341927,0,0.03604802116751671,0.9973469972610474,0.06323801726102829,0,0.028418080881237984,-0.06427601724863052,0.997527003288269,0,0,0.20628799498081207,-0.003951000049710274,1,0.9969509840011597,-0.049448054283857346,-0.060367148369550705,0,0.0593910850584507,0.9826040267944336,0.17596104741096497,0,0.05061613395810127,-0.1790100634098053,0.9825440049171448,0,0,0.2407130002975464,0,1,0.9971399903297424,-0.048951055854558945,-0.057576145976781845,0,0.05845508724451065,0.9824600219726562,0.17707504332065582,0,0.047898128628730774,-0.1799340546131134,0.9825119972229004,0,0,0.2751010060310364,0,1,0.9958890080451965,0.0607050321996212,0.06722702085971832,0,-0.06253402680158615,0.9977189898490906,0.025432948023080826,0,-0.06553002446889877,-0.029531951993703842,0.9974139928817749,0,0,0.3094879984855652,0,1,0.97838294506073,0.023419059813022614,0.20547018945217133,0,0.0508040226995945,0.935899019241333,-0.3485860228538513,0,-0.2004631906747818,0.35148903727531433,0.9144779443740845,0,0,0.15292400121688843,-0.0011180000146850944,1,-0.0037450494710355997,0.012105009518563747,-0.9999200105667114,0,0.8913208842277527,-0.4532882273197174,-0.008825050666928291,0,-0.4533582329750061,-0.8912819027900696,-0.009091982617974281,0,0.10886099934577942,0.27235299348831177,-0.0016169999726116657,1,0.9593451023101807,0.2755213677883148,-0.06120326742529869,0,-0.2588394284248352,0.9453292489051819,0.19838127493858337,0,0.11251500248908997,-0.17447429895401,0.9782121181488037,0,0,0.2262520045042038,0,1,0.4724557101726532,0.8811591863632202,0.018542896956205368,0,-0.8812351822853088,0.47194069623947144,0.026409005746245384,0,0.014520060271024704,-0.028817905113101006,0.9994789958000183,0,0,0.560837984085083,0,1,0.9694958925247192,0.2370603382587433,0.062290530651807785,0,-0.243541419506073,0.9603568911552429,0.13565593957901,0,-0.02766246348619461,-0.14668810367584229,0.9887959361076355,0,0,0.4560370147228241,0,1,0.7725599408149719,0.6343551278114319,-0.02728094346821308,0,-0.5782800912857056,0.7207109332084656,0.38231897354125977,0,0.26218798756599426,-0.2795880138874054,0.9236279726028442,0,-0.08322200179100037,0.06543400138616562,0,1,0.9814819693565369,-0.19133315980434418,0.009250017814338207,0,0.19100315868854523,0.9811739325523376,0.028559207916259766,0,-0.014540065079927444,-0.026263197883963585,0.9995489716529846,0,-0.006360999774187803,0.08445300161838531,0,1,0.9386559128761292,-0.34466809034347534,0.011330002918839455,0,0.34483909606933594,0.9377939701080322,-0.04034696891903877,0,0.0032809912227094173,0.04177897423505783,0.9991210103034973,0,0.00915099959820509,0.09665299952030182,0,1,0.9986469745635986,-0.02269999124109745,0.04678001627326012,0,-0.01878802664577961,0.6813538670539856,0.7317131161689758,0,-0.04848400130867958,-0.731602132320404,0.680004894733429,0,0,0.11323200166225433,0.0015119999879971147,1,0.9999840259552002,0.00553301814943552,0.0010600041132420301,0,-0.005470018368214369,0.9087009429931641,0.4174121618270874,0,0.0013460050104185939,-0.4174121618270874,0.9087169170379639,0,0.003246000036597252,0.15143999457359314,0,1,0.9954699873924255,0.09447801858186722,0.010688005946576595,0,-0.09326401352882385,0.9483989477157593,0.30305415391921997,0,0.018495015799999237,-0.3026771545410156,0.9529139399528503,0,-0.003218000056222081,0.11913099884986877,0,1,0.05975307896733284,-0.012043997645378113,0.9981409907341003,0,-0.8514120578765869,-0.5225918889045715,0.04466407373547554,0,0.5210818648338318,-0.8524980545043945,-0.041481032967567444,0,-0.10886099934577942,0.2723180055618286,0.0001939999929163605,1,0.9667630195617676,0.19210787117481232,0.16871106624603271,0,-0.2299458533525467,0.9417930841445923,0.24525584280490875,0,-0.11177513748407364,-0.275898814201355,0.9546650648117065,0,0,0.2262520045042038,0,1,0.28856781125068665,-0.9551750421524048,-0.06610380113124847,0,0.957459032535553,0.2879188358783722,0.01935400255024433,0,0.0005459302919916809,-0.06887680292129517,0.9976249933242798,0,0,0.5606709718704224,0,1,0.9939029216766357,-0.05006135627627373,-0.09824126958847046,0,0.07265439629554749,0.9675520062446594,0.24199877679347992,0,0.08293919265270233,-0.247660830616951,0.9652900099754333,0,0,0.4562090039253235,0,1,0.8403729796409607,-0.5393840074539185,0.053272999823093414,0,0.47986900806427,0.7861210107803345,0.3895379900932312,0,-0.2519890069961548,-0.30179399251937866,0.9194679856300354,0,0.07626300305128098,0.07689099758863449,0,1,0.9787930250167847,0.20451800525188446,-0.011692999862134457,0,-0.20446600019931793,0.9788579940795898,0.005495999939739704,0,0.012570000253617764,-0.002988999942317605,0.9999169707298279,0,0.015768999233841896,0.08518999814987183,0,1,0.9924690127372742,-0.11954700201749802,-0.026698999106884003,0,0.11786500364542007,0.9913600087165833,-0.05756499990820885,0,0.033351000398397446,0.053984999656677246,0.9979850053787231,0,0.0038819999899715185,0.09520799666643143,0,1,0.9990119934082031,0.018847012892365456,-0.04024898260831833,0,0.014976968057453632,0.7099010944366455,0.7041428685188293,0,0.041843995451927185,-0.7040498852729797,0.7089171409606934,0,0,0.11284700036048889,0.0026950000319629908,1,0.9999539852142334,0.009397000074386597,0.001905999961309135,0,-0.009363999590277672,0.9142820239067078,0.4049690067768097,0,0.0020630001090466976,-0.4049690067768097,0.9143279790878296,0,-0.004110999871045351,0.15492799878120422,0,1,0.9938269853591919,-0.11048799753189087,-0.009980999864637852,0,0.10862299799919128,0.9508579969406128,0.2899489998817444,0,-0.022545000538229942,-0.28924399614334106,0.9569900035858154,0,0.004586999770253897,0.1223910003900528,0,1,-0.9951800107955933,0.0602719783782959,0.07735487073659897,0,-0.008068026043474674,-0.8364688158035278,0.547954261302948,0,0.09773088991641998,0.5446892380714417,0.8329238295555115,0,0.187049001455307,-0.11460500210523605,-0.0032820000778883696,1,0.983955979347229,-0.17590291798114777,-0.02982691116631031,0,0.0741441622376442,0.5552077293395996,-0.8284004926681519,0,0.16227780282497406,0.8128974437713623,0.5593417286872864,0,0,0.5946940183639526,0,1,0.9802579879760742,-0.021955963224172592,0.1965010017156601,0,-0.17130501568317413,0.4019800126552582,0.8994809985160828,0,-0.09873896837234497,-0.9153850078582764,0.3902820348739624,0,0,0.5307940244674683,0,1,0.9997659921646118,-0.012369159609079361,0.017723992466926575,0,-0.0015928782522678375,0.7756478786468506,0.6311641931533813,0,-0.021554097533226013,-0.6310451626777649,0.775446891784668,0,0,0.36083701252937317,0,1,-0.971875011920929,0.1749180257320404,-0.15767799317836761,0,-0.19956594705581665,-0.9672091007232666,0.1570993810892105,0,-0.1250281184911728,0.184148371219635,0.9749140739440918,0,-0.187049001455307,-0.11460500210523605,0.0013620000099763274,1,0.9915689826011658,-0.024447942152619362,-0.12725290656089783,0,-0.03135298192501068,0.9075921177864075,-0.41867977380752563,0,0.12572889029979706,0.4191397726535797,0.8991740942001343,0,0,0.5951849818229675,0,1,0.9808599948883057,0.0498390719294548,-0.18822699785232544,0,0.16454601287841797,0.30469074845314026,0.9381300806999207,0,0.10410702228546143,-0.9511460661888123,0.29065874218940735,0,0,0.5309349894523621,0,1,0.9999279975891113,-0.00010900514462264255,-0.01199097279459238,0,0.007419988047331572,0.7911959886550903,0.6115170121192932,0,0.00941997580230236,-0.6115620136260986,0.7911400198936462,0,0,0.3575519919395447,0,1
K0.067,0.9892989993095398,0.1221889927983284,-0.07972708344459534,0,-0.11501797288656235,0.9893609881401062,0.08908312022686005,0,0.08976408839225769,-0.07895911484956741,0.9928280115127563,0,0.03167903050780296,1.4501179456710815,-0.031744927167892456,1,0.9986069798469543,-0.03569098562002182,-0.03886991739273071,0,0.0381469763815403,0.9971950054168701,0.06439998745918274,0,0.036462921649217606,-0.0657929852604866,0.9971669912338257,0,0,0.20628799498081207,-0.003951000049710274,1,0.9956470131874084,-0.05503694340586662,-0.07522284984588623,0,0.06786391884088516,0.9812690019607544,0.18029095232486725,0,0.06389186531305313,-0.18461093306541443,0.9807329773902893,0,0,0.2407130002975464,0,1,0.9958980083465576,-0.05447494238615036,-0.07225184887647629,0,0.06684792041778564,0.9810739755630493,0.18172696232795715,0,0.06098486855626106,-0.18581193685531616,0.9806910157203674,0,0,0.2751010060310364,0,1,0.9955390095710754,0.06400597095489502,0.06931497901678085,0,-0.0655529722571373,0.997642993927002,0.0202750526368618,0,-0.06785397976636887,-0.024729048833251,0.997389018535614,0,0,0.3094879984855652,0,1,0.973952054977417,0.02945793978869915,0.22483280301094055,0,0.052948977798223495,0.9345710277557373,-0.35181596875190735,0,-0.22048580646514893,0.35455596446990967,0.9086670875549316,0,0,0.15292400121688843,-0.0011180000146850944,1,-0.00867295078933239,0.013047990389168262,-0.9998769760131836,0,0.8795351386070251,-0.47563278675079346,-0.013835950754582882,0,-0.4757547974586487,-0.879547119140625,-0.007351017091423273,0,0.10886099934577942,0.27235299348831177,-0.0016169999726116657,1,0.9728748798370361,0.2139776051044464,-0.08791173249483109,0,-0.20229457318782806,0.9712667465209961,0.12536872923374176,0,0.11221200227737427,-0.10418370366096497,0.9882078766822815,0,0,0.2262520045042038,0,1,0.4413872957229614,0.8972788453102112,0.008219102397561073,0,-0.8970817923545837,0.44104328751564026,0.026937995105981827,0,0.020545940846204758,-0.019264094531536102,0.9996029734611511,0,0,0.560837984085083,0,1,0.9555631279945374,0.27133068442344666,0.11523047089576721,0,-0.2853255867958069,0.9495410919189453,0.13023605942726135,0,-0.07407953590154648,-0.15732689201831818,0.984764039516449,0,0,0.4560370147228241,0,1,0.7644030451774597,0.6443708539009094,-0.021770054474473,0,-0.5896438956260681,0.7123430371284485,0.38064202666282654,0,0.26078200340270996,-0.2781270146369934,0.9244660139083862,0,-0.08322200179100037,0.06543400138616562,0,1,0.978178083896637,-0.20747484266757965,0.011053982190787792,0,0.20669884979724884,0.9771550893783569,0.04943779110908508,0,-0.021058935672044754,-0.046073801815509796,0.9987159967422485,0,-0.006360999774187803,0.08445300161838531,0,1,0.9354180693626404,-0.35335391759872437,0.01158599741756916,0,0.353535920381546,0.9346710443496704,-0.0374540314078331,0,0.0024050085339695215,0.03913102671504021,0.9992309808731079,0,0.00915099959820509,0.09665299952030182,0,1,0.9985949993133545,-0.02168300934135914,0.04835698381066322,0,-0.021362973377108574,0.6703560948371887,0.7417318820953369,0,-0.04849899932742119,-0.7417228817939758,0.6689510941505432,0,0,0.11323200166225433,0.0015119999879971147,1,0.9999719858169556,0.007363982032984495,0.0014729959657415748,0,-0.007279981859028339,0.9023330807685852,0.4309788644313812,0,0.0018439949490129948,-0.43097683787345886,0.9023610353469849,0,0.003246000036597252,0.15143999457359314,0,1,0.995290994644165,0.09627298265695572,0.011273994110524654,0,-0.09486498683691025,0.9435770511627197,0.3172738552093506,0,0.019906984642148018,-0.31684985756874084,0.9482670426368713,0,-0.003218000056222081,0.11913099884986877,0,1,0.0674799233675003,-0.01177500281482935,0.9976509809494019,0,-0.8572039604187012,-0.5123521089553833,0.0519329309463501,0,0.5105371475219727,-0.8586949110031128,-0.044666968286037445,0,-0.10886099934577942,0.2723180055618286,0.0001939999929163605,1,0.9684119820594788,0.17805813252925873,0.17456793785095215,0,-0.21569815278053284,0.9494279623031616,0.22816915810108185,0,-0.12511186301708221,-0.2586151659488678,0.9578439593315125,0,0,0.2262520045042038,0,1,0.2692691683769226,-0.9619719386100769,-0.04587719962000847,0,0.9630429148674011,0.2686401903629303,0.019491998478770256,0,-0.00642593065276742,-0.04943119361996651,0.998757004737854,0,0,0.5606709718704224,0,1,0.9884150624275208,-0.0857546404004097,-0.12522973120212555,0,0.11186861246824265,0.9692339897155762,0.21924921870231628,0,0.10257580876350403,-0.23071816563606262,0.9675989747047424,0,0,0.4562090039253235,0,1,0.8403729796409607,-0.5393840074539185,0.053272999823093414,0,0.47986900806427,0.7861210107803345,0.3895379900932312,0,-0.2519890069961548,-0.30179300904273987,0.9194679856300354,0,0.07626300305128098,0.07689099758863449,0,1,0.9787930250167847,0.20451800525188446,-0.011692999862134457,0,-0.20446600019931793,0.9788579940795898,0.005495999939739704,0,0.012570000253617764,-0.002988999942317605,0.9999169707298279,0,0.015768999233841896,0.08518999814987183,0,1,0.9924690127372742,-0.11954700201749802,-0.026698999106884003,0,0.11786500364542007,0.9913600087165833,-0.05756499990820885,0,0.033351000398397446,0.053984999656677246,0.9979850053787231,0,0.0038819999899715185,0.09520799666643143,0,1,0.9990649819374084,0.02022598683834076,-0.038222018629312515,0,0.01180203165858984,0.7227959036827087,0.6909601092338562,0,0.0416020043194294,-0.6907651424407959,0.7218818664550781,0,0,0.11284700036048889,0.0026950000319629908,1,0.9999539852142334,0.009397000074386597,0.001905999961309135,0,-0.009363999590277672,0.9142820239067078,0.4049690067768097,0,0.0020630001090466976,-0.4049690067768097,0.9143279790878296,0,-0.004110999871045351,0.15492799878120422,0,1,0.9938269853591919,-0.11048799753189087,-0.009980999864637852,0,0.10862299799919128,0.9508579969406128,0.2899489998817444,0,-0.022545000538229942,-0.28924399614334106,0.9569900035858154,0,0.004586999770253897,0.1223910003900528,0,1,-0.9962149858474731,0.0580960214138031,0.06466212868690491,0,-0.010643974877893925,-0.8197951912879944,0.5725587606430054,0,0.08627311140298843,0.5697027444839478,0.8173101544380188,0,0.187049001455307,-0.11460500210523605,-0.0032820000778883696,1,0.9856460094451904,-0.16752609610557556,-0.020900089293718338,0,0.09024784713983536,0.6274662613868713,-0.7733955383300781,0,0.1426781862974167,0.7604085206985474,0.6335783004760742,0,0,0.5946940183639526,0,1,0.9804180264472961,-0.01816403679549694,0.1960889995098114,0,-0.17227698862552643,0.40327000617980957,0.898717999458313,0,-0.09540102630853653,-0.9149010181427002,0.39224398136138916,0,0,0.5307940244674683,0,1,0.9994540214538574,-0.02831084094941616,0.01701800711452961,0,0.0105808787047863,0.7624331116676331,0.6469808220863342,0,-0.0312919020652771,-0.6464478373527527,0.762316107749939,0,0,0.36083701252937317,0,1,-0.971422016620636,0.1776219755411148,-0.1574459969997406,0,-0.19384506344795227,-0.9764809012413025,0.09438562393188477,0,-0.136978879570961,0.1222086176276207,0.9830069541931152,0,-0.187049001455307,-0.11460500210523605,0.0013620000099763274,1,0.9928539991378784,-0.018626058474183083,-0.11787209659814835,0,-0.029625017195940018,0.918350875377655,-0.394656240940094,0,0.11559910327196121,0.39532822370529175,0.9112368822097778,0,0,0.5951849818229675,0,1,0.9804499745368958,0.05709892883896828,-0.1882999986410141,0,0.16531997919082642,0.27992624044418335,0.9456799626350403,0,0.10670697689056396,-0.9583219289779663,0.26501426100730896,0,0,0.5309349894523621,0,1,0.9999560117721558,-0.0006229949067346752,-0.009328026324510574,0,0.006199012044817209,0.791064977645874,0.6116999983787537,0,0.006998024415224791,-0.611732006072998,0.7910339832305908,0,0,0.3575519919395447,0,1
K0.100,0.990513026714325,0.11944200098514557,-0.06795000284910202,0,-0.11355800181627274,0.9899140000343323,0.08470799773931503,0,0.07738199830055237,-0.07618799805641174,0.9940860271453857,0,0.03017899952828884,1.4426889419555664,-0.03897000104188919,1,0.9982690215110779,-0.036483000963926315,-0.04613399878144264,0,0.03943299874663353,0.9971219897270203,0.0647440031170845,0,0.04363999888300896,-0.06645099818706512,0.9968349933624268,0,0,0.20628799498081207,-0.003951000049710274,1,0.9944970011711121,-0.05878699943423271,-0.08672299981117249,0,0.07391899824142456,0.9803000092506409,0.18316100537776947,0,0.07424700260162354,-0.1885630041360855,0.9792500138282776,0,0,0.2407130002975464,0,1,0.99481600522995,-0.05798399820923805,-0.0835380032658577,0,0.07265499979257584,0.9800580143928528,0.18495400249958038,0,0.07114800065755844,-0.19006499648094177,0.9791899919509888,0,0,0.2751010060310364,0,1,0.9952120184898376,0.06515499949455261,0.07284999638795853,0,-0.0665379986166954,0.9976440072059631,0.016714999452233315,0,-0.07158900052309036,-0.02148200012743473,0.99720299243927,0,0,0.3094879984855652,0,1,0.9714329838752747,0.031019000336527824,0.23527799546718597,0,0.05761900171637535,0.9309260249137878,-0.360632985830307,0,-0.23021300137043,0.3638870120048523,0.9025449752807617,0,0,0.15292400121688843,-0.0011180000146850944,1,-0.016527999192476273,0.014224999584257603,-0.9997619986534119,0,0.8663439750671387,-0.49898800253868103,-0.021422000601887703,0,-0.49917399883270264,-0.866491973400116,-0.004075999837368727,0,0.10886099934577942,0.27235299348831177,-0.0016169999726116657,1,0.9843320250511169,0.1463170051574707,-0.09839700162410736,0,-0.1408820003271103,0.98819899559021,0.06012100353837013,0,0.10603299736976624,-0.04531700536608696,0.9933289885520935,0,0,0.2262520045042038,0,1,0.4317930042743683,0.9019730091094971,0.00032400034251622856,0,-0.9016460180282593,0.4316270053386688,0.02708600088953972,0,0.02429099939763546,-0.011986999772489071,0.9996330142021179,0,0,0.560837984085083,0,1,0.9318439960479736,0.3252449929714203,0.16088199615478516,0,-0.34607601165771484,0.9298959970474243,0.12459500133991241,0,-0.1090800017118454,-0.1717810034751892,0.9790779948234558,0,0,0.4560370147228241,0,1,0.7555440068244934,0.6549040079116821,-0.01593099907040596,0,-0.6016119718551636,0.7032759785652161,0.37876901030540466,0,0.25926101207733154,-0.27659299969673157,0.92535400390625,0,-0.08322200179100037,0.06543400138616562,0,1,0.9743540287017822,-0.22464600205421448,0.012959999963641167,0,0.22318300604820251,0.9721410274505615,0.07163400202989578,0,-0.02869199961423874,-0.06690499931573868,0.9973469972610474,0,-0.006360999774187803,0.08445300161838531,0,1,0.9318820238113403,-0.36256900429725647,0.01182899996638298,0,0.362758994102478,0.9312490224838257,-0.03437099978327751,0,0.001446999958716333,0.0363209992647171,0.9993389844894409,0,0.00915099959820509,0.09665299952030182,0,1,0.9985340237617493,-0.020625000819563866,0.05005199834704399,0,-0.024103999137878418,0.6584799885749817,0.7522119879722595,0,-0.04847300052642822,-0.7523149847984314,0.6570180058479309,0,0,0.11323200166225433,0.0015119999879971147,1,0.9999549984931946,0.00930699985474348,0.001943000010214746,0,-0.009198999963700771,0.8953269720077515,0.44531500339508057,0,0.0024049999192357063,-0.4453130066394806,0.8953719735145569,0,0.003246000036597252,0.15143999457359314,0,1,0.9950979948043823,0.09817399829626083,0.011927999556064606,0,-0.09654500335454941,0.9382069706916809,0.3323349952697754,0,0.021436000242829323,-0.33185699582099915,0.9430860280990601,0,-0.003218000056222081,0.11913099884986877,0,1,0.07852800190448761,-0.011498999781906605,0.9968460202217102,0,-0.8634020090103149,-0.5006629824638367,0.06224000081419945,0,0.4983679950237274,-0.8655660152435303,-0.049244001507759094,0,-0.10886099934577942,0.2723180055618286,0.0001939999929163605,1,0.9724550247192383,0.15387700498104095,0.1750819981098175,0,-0.18940100073814392,0.9594569802284241,0.20873500406742096,0,-0.1358650028705597,-0.2361460030078888,0.9621719717979431,0,0,0.2262520045042038,0,1,0.25825101137161255,-0.9654960036277771,-0.03351699933409691,0,0.9660230278968811,0.2577120065689087,0.01957399956882,0,-0.010261000134050846,-0.03743299841880798,0.9992460012435913,0,0,0.5606709718704224,0,1,0.9829139709472656,-0.11140300333499908,-0.14652599394321442,0,0.13949300348758698,0.9702069759368896,0.19808900356292725,0,0.12009300291538239,-0.21514399349689484,0.9691699743270874,0,0,0.4562090039253235,0,1,0.8403729796409607,-0.5393829941749573,0.053272999823093414,0,0.47986900806427,0.7861210107803345,0.3895379900932312,0,-0.2519890069961548,-0.30179300904273987,0.9194679856300354,0,0.07626300305128098,0.07689099758863449,0,1,0.9787930250167847,0.20451800525188446,-0.011692999862134457,0,-0.20446600019931793,0.9788579940795898,0.005497000180184841,0,0.012570000253617764,-0.002988999942317605,0.9999169707298279,0,0.015768999233841896,0.08518999814987183,0,1,0.9924690127372742,-0.11954700201749802,-0.026698999106884003,0,0.11786500364542007,0.9913600087165833,-0.05756499990820885,0,0.03334999829530716,0.053984999656677246,0.9979850053787231,0,0.0038819999899715185,0.09520799666643143,0,1,0.9991199970245361,0.02201700024306774,-0.03570200130343437,0,0.0078050000593066216,0.7387070059776306,0.6739810109138489,0,0.04121199995279312,-0.6736670136451721,0.7378849983215332,0,0,0.11284700036048889,0.0026950000319629908,1,0.9999539852142334,0.009397000074386597,0.001905999961309135,0,-0.009363999590277672,0.9142820239067078,0.4049690067768097,0,0.0020630001090466976,-0.4049690067768097,0.9143279790878296,0,-0.004110999871045351,0.15492799878120422,0,1,0.9938269853591919,-0.11048799753189087,-0.009980999864637852,0,0.10862299799919128,0.9508579969406128,0.2899489998817444,0,-0.022545000538229942,-0.28924399614334106,0.9569900035858154,0,0.004586999770253897,0.1223910003900528,0,1,-0.9974120259284973,0.048448000103235245,0.053116001188755035,0,-0.006666999775916338,-0.7979739904403687,0.6026549935340881,0,0.07158300280570984,0.6007410287857056,0.7962319850921631,0,0.187049001455307,-0.11460500210523605,-0.0032820000778883696,1,0.9868350028991699,-0.16105200350284576,-0.014789000153541565,0,0.10245800018310547,0.6933079957962036,-0.7133200168609619,0,0.12513500452041626,0.7024139761924744,0.7006819844245911,0,0,0.5946940183639526,0,1,0.9808300137519836,-0.016726000234484673,0.19414499402046204,0,-0.17095999419689178,0.4042559862136841,0.8985260128974915,0,-0.09351299703121185,-0.9144930243492126,0.3936469852924347,0,0,0.5307940244674683,0,1,0.9990910291671753,-0.03976299986243248,0.015336999669671059,0,0.019411999732255936,0.7449529767036438,0.6668339967727661,0,-0.03794100135564804,-0.6659299731254578,0.745048999786377,0,0,0.36083701252937317,0,1,-0.9713330268859863,0.1781879961490631,-0.15735900402069092,0,-0.18761800229549408,-0.9811099767684937,0.0471390038728714,0,-0.14598700404167175,0.07531099766492844,0.9864159822463989,0,-0.187049001455307,-0.11460500210523605,0.0013620000099763274,1,0.9942910075187683,-0.0135690001770854,-0.105833999812603,0,-0.02828199975192547,0.922888994216919,-0.38402700424194336,0,0.10288400202989578,0.38482800126075745,0.9172359704971313,0,0,0.5951849818229675,0,1,0.9801170229911804,0.06664100289344788,-0.18689699470996857,0,0.16498300433158875,0.24959300458431244,0.9541929960250854,0,0.1102370023727417,-0.9660549759864807,0.2336360067129135,0,0,0.5309349894523621,0,1,0.999970018863678,-0.001610000035725534,-0.007581000216305256,0,0.005911999847739935,0.7910739779472351,0.6116920113563538,0,0.0050119999796152115,-0.6117179989814758,0.7910599708557129,0,0,0.3575519919395447,0,1
