1.233,30,36,41
B0,mixamorig_Hips,-1,0.997987687587738,0.02340705692768097,0.05891735106706619,0,-0.03974867984652519,0.9549911022186279,0.2939373552799225,0,-0.049388762563467026,-0.29568928480148315,0.9540003538131714,0,0.06055564433336258,1.2784303426742554,0.018607722595334053,1
B1,mixamorig_Spine,0,0.9967414140701294,-0.013032414950430393,-0.07953281700611115,0,0.03289954364299774,0.9666467905044556,0.25397080183029175,0,0.07357575744390488,-0.25576719641685486,0.9639299511909485,0,0,0.20628799498081207,-0.003951000049710274,1
B2,mixamorig_Spine1,1,0.9999139904975891,-0.006677869241684675,-0.011288698762655258,0,0.006872187368571758,0.9998259544372559,0.01730329543352127,0,0.011171380989253521,-0.017379382625222206,0.9997861385345459,0,0,0.2407130002975464,0,1
B3,mixamorig_Spine2,2,0.9999162554740906,-0.007008352782577276,-0.010884208604693413,0,0.007195988669991493,0.9998233318328857,0.01735628955066204,0,0.010760572738945484,-0.017432693392038345,0.9997894763946533,0,0,0.2751010060310364,0,1
B4,mixamorig_Neck,3,0.999826967716217,0.015429748222231865,-0.010031688027083874,0,-0.01740976981818676,0.9697777628898621,-0.24334999918937683,0,0.0059780641458928585,0.24348172545433044,0.9698848724365234,0,0,0.3094879984855652,0,1
B5,mixamorig_Head,4,0.998176097869873,-0.05732196941971779,-0.01873825304210186,0,0.03590548783540726,0.8146778345108032,-0.5787656307220459,0,0.04843216389417648,0.5770421028137207,0.815250039100647,0,0,0.15292400121688843,-0.0011180000146850944,1
B6,mixamorig_HeadTop_End,5,1,0,0,0,0,1,0,0,0,0,1,0,0,1.1334810256958008,-0.008286000229418278,1
B7,mixamorig_LeftShoulder,3,0.030898412689566612,0.027808891609311104,-0.9991354942321777,0,0.9072670340538025,-0.4201177954673767,0.016365624964237213,0,-0.41929957270622253,-0.9069886207580566,-0.03820478171110153,0,0.10886099934577942,0.27235299348831177,-0.0016169999726116657,1
B8,mixamorig_LeftArm,7,0.9414287805557251,0.33508557081222534,-0.03773795813322067,0,-0.23096612095832825,0.7222827076911926,0.6518620848655701,0,0.24567873775959015,-0.604967474937439,0.75737464427948,0,0,0.2262520045042038,0,1
B9,mixamorig_LeftForeArm,8,-0.34915125370025635,0.9361640810966492,0.04082213714718819,0,-0.9361737370491028,-0.3503791093826294,0.02810003235936165,0,0.040610093623399734,-0.02840571664273739,0.9987711310386658,0,0,0.560837984085083,0,1
B10,mixamorig_LeftHand,9,0.5686061978340149,-0.5102495551109314,-0.6452126502990723,0,0.6700265407562256,0.742283284664154,0.0034319888800382614,0,0.4772203862667084,-0.434278666973114,0.7639462351799011,0,0,0.4560370147228241,0,1
B11,mixamorig_LeftHandThumb1,10,0.8861089944839478,0.4620639979839325,-0.036159999668598175,0,-0.414436012506485,0.8248609900474548,0.38451001048088074,0,0.20749500393867493,-0.3257319927215576,0.9224119782447815,0,-0.08322200179100037,0.06543400138616562,0,1
B12,mixamorig_LeftHandThumb2,11,0.9758430123329163,-0.20786231756210327,0.06725200265645981,0,0.19962331652641296,0.973438024520874,0.11211399734020233,0,-0.08877000212669373,-0.09598000347614288,0.9914169907569885,0,-0.006360999774187803,0.08445300161838531,0,1
B13,mixamorig_LeftHandThumb3,12,0.957597017288208,-0.2848060131072998,0.043515682220458984,0,0.2851240038871765,0.9584900140762329,-0.0011490000179037452,0,-0.04138199985027313,0.013508000411093235,0.9990519881248474,0,0.00915099959820509,0.09665299952030182,0,1
B14,mixamorig_LeftHandThumb4,13,1,0,0,0,0,1,0,0,0,0,1,0,-0.0027910000644624233,0.07388699799776077,0,1
B15,mixamorig_LeftHandIndex1,10,0.9988920092582703,0.04640499874949455,0.007799999788403511,0,-0.046723999083042145,0.9584609866142273,0.28136900067329407,0,0.00558099988847971,-0.2814219892024994,0.9595680236816406,0,0,0.11323200166225433,0.0015119999879971147,1
B16,mixamorig_LeftHandIndex2,15,0.9997730255126953,-0.02113468199968338,-0.0025740000419318676,0,0.021049000322818756,0.9629909992218018,0.26871100068092346,0,-0.0031999999191612005,-0.26870501041412354,0.96321702003479,0,0.003246000036597252,0.15143999457359314,0,1
B17,mixamorig_LeftHandIndex3,16,0.9991859793663025,0.04029500111937523,-0.0019463179633021355,0,-0.03965900093317032,0.9899669885635376,0.13562099635601044,0,0.007391999941319227,-0.13543300330638885,0.990759015083313,0,-0.003218000056222081,0.11913099884986877,0,1
B18,mixamorig_LeftHandIndex4,17,1,0,0,0,0,1,0,0,0,0,1,0,-0.000028000000384054147,0.09968400001525879,0,1
B19,mixamorig_RightShoulder,3,-0.14122934639453888,0.009949654340744019,0.9899009466171265,0,-0.8857704997062683,-0.44772493839263916,-0.12183990329504013,0,0.4419792890548706,-0.8940752148628235,0.07209521532058716,0,-0.10886099934577942,0.2723180055618286,0.0001939999929163605,1
B20,mixamorig_RightArm,19,0.9440142512321472,-0.2717879116535187,0.18682777881622314,0,0.10890352725982666,0.7914531826972961,0.6014050841331482,0,-0.31132635474205017,-0.5473922491073608,0.7767369151115417,0,0,0.2262520045042038,0,1
B21,mixamorig_RightForeArm,20,-0.2848888039588928,-0.9581534266471863,-0.02708759531378746,0,0.9581744074821472,-0.28544339537620544,0.01939966157078743,0,-0.026320364326238632,-0.020428072661161423,0.9994450807571411,0,0,0.5606709718704224,0,1
B22,mixamorig_RightHand,21,0.6875403523445129,0.5584280490875244,0.46397823095321655,0,-0.6706394553184509,0.7332456707954407,0.11158056557178497,0,-0.27790582180023193,-0.387828528881073,0.8786737322807312,0,0,0.4562090039253235,0,1
B23,mixamorig_RightHandThumb1,22,0.934132993221283,-0.3399069905281067,0.10889600217342377,0,0.30468299984931946,0.918304979801178,0.25275298953056335,0,-0.18591268360614777,-0.20292599499225616,0.9613829851150513,0,0.07626300305128098,0.07689099758863449,0,1
B24,mixamorig_RightHandThumb2,23,0.9571220278739929,0.28344032168388367,-0.05982000008225441,0,-0.27314332127571106,0.9517999887466431,0.13953499495983124,0,0.09648600220680237,-0.1172126829624176,0.9884089827537537,0,0.015768999233841896,0.08518999814987183,0,1
B25,mixamorig_RightHandThumb3,24,0.9795809984207153,-0.18605799973011017,-0.07618200033903122,0,0.18401999771595,0.982367992401123,-0.03301199898123741,0,0.08098100125789642,0.01831899955868721,0.9965469837188721,0,0.0038819999899715185,0.09520799666643143,0,1
B26,mixamorig_RightHandThumb4,25,1,0,0,0,0,1,0,0,0,0,1,0,-0.019650999456644058,0.06658300012350082,0,1
B27,mixamorig_RightHandIndex1,22,0.9986770153045654,-0.0513480007648468,-0.0026859999634325504,0,0.05009168013930321,0.9597989916801453,0.27618300914764404,0,-0.01160299964249134,-0.275952011346817,0.9611009955406189,0,0,0.11284700036048889,0.0026950000319629908,1
B28,mixamorig_RightHandIndex2,27,0.9992859959602356,0.03759268298745155,0.0038300000596791506,0,-0.037338681519031525,0.966769278049469,0.25290799140930176,0,0.005805000197142363,-0.25287100672721863,0.9674829840660095,0,-0.004110999871045351,0.15492799878120422,0,1
B29,mixamorig_RightHandIndex3,28,0.998416006565094,-0.056161001324653625,0.003355999942868948,0,0.05527599900960922,0.9902920126914978,0.1275400072336197,0,-0.010486000217497349,-0.12715230882167816,0.9918280243873596,0,0.004586999770253897,0.1223910003900528,0,1
B30,mixamorig_RightHandIndex4,29,1,0,0,0,0,1,0,0,0,0,1,0,-0.00047599998652003706,0.09364800155162811,0,1
B31,mixamorig_LeftUpLeg,0,-0.9831314086914062,0.10561639070510864,0.14894504845142365,0,0.08211168646812439,-0.47203388810157776,0.8776373863220215,0,0.1629641205072403,0.8750607967376709,0.45543530583381653,0,0.187049001455307,-0.11460500210523605,-0.0032820000778883696,1
B32,mixamorig_LeftLeg,31,0.9981653690338135,0.055445101112127304,0.022712217643857002,0,-0.0206471998244524,0.6723816990852356,-0.7395391464233398,0,-0.056430842727422714,0.7377635836601257,0.67229163646698,0,0,0.5946940183639526,0,1
B33,mixamorig_LeftFoot,32,0.978136420249939,0.10375162959098816,0.18016617000102997,0,-0.20710895955562592,0.5638857483863831,0.7987715005874634,0,-0.018707450479269028,-0.8186214566230774,0.5730462074279785,0,0,0.5307940244674683,0,1
B34,mixamorig_LeftToeBase,33,0.9998476505279541,-0.00028476217994466424,0.017449824139475822,0,-0.010452491231262684,0.7909783720970154,0.6117456555366516,0,-0.013975810259580612,-0.6118351221084595,0.7908547520637512,0,0,0.36083701252937317,0,1
B35,mixamorig_LeftToe_End,34,1,0,0,0,0,1,0,0,0,0,1,0,0,0.13561199605464935,0,1
B36,mixamorig_RightUpLeg,0,-0.9926747679710388,0.059020355343818665,-0.10444216430187225,0,-0.11203435063362122,-0.7632892727851868,0.6359300017356873,0,-0.04207295551896095,0.6429287791252136,0.7644062638282776,0,-0.187049001455307,-0.11460500210523605,0.0013620000099763274,1
B37,mixamorig_RightLeg,36,0.9638408422470093,-0.26072874665260315,0.0550234355032444,0,0.11545547097921371,0.2228243052959442,-0.9673879146575928,0,0.2400158792734146,0.9387490153312683,0.2448747456073761,0,0,0.5951849818229675,0,1
B38,mixamorig_RightFoot,37,0.9492738842964172,0.19918197393417358,-0.24193726480007172,0,0.22421300411224365,0.11204990744590759,0.966907799243927,0,0.21982243657112122,-0.9720820188522339,0.06173931434750557,0,0,0.5309349894523621,0,1
B39,mixamorig_RightToeBase,38,0.9964786767959595,0.02504556067287922,-0.07982255518436432,0,0.054564088582992554,0.5300422310829163,0.8457598686218262,0,0.06342192739248276,-0.8471514582633972,0.5268075466156006,0,0,0.3575519919395447,0,1
B40,mixamorig_RightToe_End,39,1,0,0,0,0,1,0,0,0,0,1,0,0,0.13513900339603424,0,1
@34,0,1,2,3,4,5,7,8,9,10,11,12,13,15,16,17,19,20,21,22,23,24,25,27,28,29,31,32,33,34,36,37,38,39
K0.000,0.9971889853477478,0.05493300035595894,-0.05094800144433975,0,-0.03626900166273117,0.9489619731903076,0.31329798698425293,0,0.06555800139904022,-0.31057000160217285,0.9482870101928711,0,-0.10608399659395218,1.3919800519943237,-0.0026360000483691692,1,0.999642014503479,-0.012868000194430351,-0.02346000075340271,0,0.017426999285817146,0.9784190058708191,0.20589500665664673,0,0.020304000005126,-0.20622999966144562,0.9782930016517639,0,0,0.20628799498081207,-0.003951000049710274,1,0.9999989867210388,0.0006380000268109143,-0.000910000002477318,0,-0.0006179999909363687,0.9997680187225342,0.021511999890208244,0,0.0009239999926649034,-0.021511999890208244,0.9997680187225342,0,0,0.2407130002975464,0,1,0.9999989867210388,0.0006389999762177467,-0.0011159999994561076,0,-0.0006150000263005495,0.9997689723968506,0.02148899994790554,0,0.001129999989643693,-0.021487999707460403,0.9997680187225342,0,0,0.2751010060310364,0,1,0.9997220039367676,-0.022119000554084778,-0.008142000064253807,0,0.019454000517725945,0.9693750143051147,-0.2448129951953888,0,0.013306999579071999,0.2445860058069229,0.9695360064506531,0,0,0.3094879984855652,0,1,0.9962490200996399,-0.08354099839925766,-0.022564999759197235,0,0.05306899920105934,0.7957990169525146,-0.6032310128211975,0,0.06835199892520905,0.5997700095176697,0.7972469925880432,0,0,0.15292400121688843,-0.0011180000146850944,1,0.0312579981982708,0.029247000813484192,-0.9990829825401306,0,0.8798410296440125,-0.47507399320602417,0.013620000332593918,0,-0.4742400050163269,-0.8794599771499634,-0.04058200120925903,0,0.10886099934577942,0.27235299348831177,-0.0016169999726116657,1,0.9397730231285095,0.33964401483535767,-0.03831600025296211,0,-0.24333800375461578,0.7435619831085205,0.6228179931640625,0,0.24002699553966522,-0.575984001159668,0.7814279794692993,0,0,0.2262520045042038,0,1,-0.3245309889316559,0.9450250267982483,0.04008299857378006,0,-0.9450349807739258,-0.32573699951171875,0.028365999460220337,0,0.03986300155520439,-0.028674999251961708,0.9987940192222595,0,0,0.560837984085083,0,1,0.6292049884796143,-0.49640798568725586,-0.5980640053749084,0,0.6442679762840271,0.7635290026664734,0.04406699910759926,0,0.43476399779319763,-0.41304099559783936,0.8002359867095947,0,0,0.4560370147228241,0,1,0.8861089944839478,0.4620639979839325,-0.036159999668598175,0,-0.414436012506485,0.8248609900474548,0.38451001048088074,0,0.20749500393867493,-0.3257319927215576,0.9224119782447815,0,-0.08322200179100037,0.06543400138616562,0,1,0.9758430123329163,-0.2078620046377182,0.06725200265645981,0,0.1996230036020279,0.973438024520874,0.11211399734020233,0,-0.08877000212669373,-0.09598100185394287,0.9914169907569885,0,-0.006360999774187803,0.08445300161838531,0,1,0.957597017288208,-0.2848060131072998,0.043515998870134354,0,0.2851240038871765,0.9584900140762329,-0.0011490000179037452,0,-0.04138199985027313,0.013508000411093235,0.9990519881248474,0,0.00915099959820509,0.09665299952030182,0,1,0.9988920092582703,0.04640499874949455,0.007799999788403511,0,-0.046723999083042145,0.9584609866142273,0.28136900067329407,0,0.00558099988847971,-0.2814219892024994,0.9595680236816406,0,0,0.11323200166225433,0.0015119999879971147,1,0.9997730255126953,-0.0211350005120039,-0.0025740000419318676,0,0.021049000322818756,0.9629909992218018,0.26871100068092346,0,-0.0031999999191612005,-0.26870501041412354,0.96321702003479,0,0.003246000036597252,0.15143999457359314,0,1,0.9991859793663025,0.04029500111937523,-0.0019460000330582261,0,-0.03965900093317032,0.9899669885635376,0.13562099635601044,0,0.0073910001665353775,-0.13543300330638885,0.990759015083313,0,-0.003218000056222081,0.11913099884986877,0,1,-0.12033099681138992,0.0092550003901124,0.9926909804344177,0,-0.905942976474762,-0.40991899371147156,-0.10599400103092194,0,0.4059410095214844,-0.9120749831199646,0.057711001485586166,0,-0.10886099934577942,0.2723180055618286,0.0001939999929163605,1,0.9474200010299683,-0.29448699951171875,0.1251869946718216,0,0.15399500727653503,0.7625399827957153,0.6283460259437561,0,-0.28049999475479126,-0.5760290026664734,0.767795979976654,0,0,0.2262520045042038,0,1,-0.2658109962940216,-0.9636549949645996,-0.026700999587774277,0,0.9636769890785217,-0.2663570046424866,0.01951099932193756,0,-0.02591400034725666,-0.020545000210404396,0.9994530081748962,0,0,0.5606709718704224,0,1,0.699675977230072,0.4853009879589081,0.5243449807167053,0,-0.6559249758720398,0.7272530198097229,0.2021539956331253,0,-0.28322601318359375,-0.48537200689315796,0.8271620273590088,0,0,0.4562090039253235,0,1,0.934132993221283,-0.3399069905281067,0.10889600217342377,0,0.30468299984931946,0.918304979801178,0.25275298953056335,0,-0.18591299653053284,-0.20292599499225616,0.9613829851150513,0,0.07626300305128098,0.07689099758863449,0,1,0.9571220278739929,0.2834399938583374,-0.05982000008225441,0,-0.2731429934501648,0.9517999887466431,0.13953499495983124,0,0.09648600220680237,-0.11721300333738327,0.9884089827537537,0,0.015768999233841896,0.08518999814987183,0,1,0.9795809984207153,-0.18605799973011017,-0.07618200033903122,0,0.18401999771595,0.982367992401123,-0.03301199898123741,0,0.08098100125789642,0.01831899955868721,0.9965469837188721,0,0.0038819999899715185,0.09520799666643143,0,1,0.9986770153045654,-0.051346998661756516,-0.0026859999634325504,0,0.05009099841117859,0.9597989916801453,0.27618199586868286,0,-0.01160299964249134,-0.275952011346817,0.9611009955406189,0,0,0.11284700036048889,0.0026950000319629908,1,0.9992859959602356,0.037592001259326935,0.0038300000596791506,0,-0.037337999790906906,0.9667689800262451,0.25290799140930176,0,0.005805000197142363,-0.25287100672721863,0.9674829840660095,0,-0.004110999871045351,0.15492799878120422,0,1,0.998416006565094,-0.056161001324653625,0.003355999942868948,0,0.05527599900960922,0.9902920126914978,0.1275400072336197,0,-0.010486000217497349,-0.1271519958972931,0.9918280243873596,0,0.004586999770253897,0.1223910003900528,0,1,-0.9924690127372742,-0.015325999818742275,0.12153500318527222,0,0.1075970008969307,-0.5833119750022888,0.8050900101661682,0,0.05855400115251541,0.8121039867401123,0.5805680155754089,0,0.187049001455307,-0.11460500210523605,-0.0032820000778883696,1,0.9990559816360474,0.027312999591231346,0.033785998821258545,0,0.009127000346779823,0.6283599734306335,-0.7778689861297607,0,-0.042475998401641846,0.777442991733551,0.6275169849395752,0,0,0.5946940183639526,0,1,0.964165985584259,0.18007199466228485,0.19482900202274323,0,-0.257515013217926,0.458624005317688,0.8504999876022339,0,0.06379800289869308,-0.8701940178871155,0.4885610044002533,0,0,0.5307940244674683,0,1,0.9998729825019836,0,0.01596600003540516,0,-0.009673000313341618,0.7955909967422485,0.605758011341095,0,-0.012702999636530876,-0.6058350205421448,0.7954890131950378,0,0,0.36083701252937317,0,1,-0.9903039932250977,-0.030439000576734543,-0.13554400205612183,0,-0.07346999645233154,-0.713325023651123,0.6969720125198364,0,-0.11790300160646439,0.7001720070838928,0.7041720151901245,0,-0.187049001455307,-0.11460500210523605,0.0013620000099763274,1,0.9859970211982727,-0.09220100194215775,-0.13895300030708313,0,-0.023946000263094902,0.746330976486206,-0.6651440262794495,0,0.16503199934959412,0.6591579914093018,0.7336729764938354,0,0,0.5951849818229675,0,1,0.968513011932373,-0.04977300018072128,-0.24393600225448608,0,0.2460229992866516,0.34145599603652954,0.9071279764175415,0,0.03814300149679184,-0.9385790228843689,0.3429499864578247,0,0,0.5309349894523621,0,1,0.9999039769172668,0.00007100000220816582,-0.013883999548852444,0,0.008456000126898289,0.7899990081787109,0.6130499839782715,0,0.011012000031769276,-0.6131079792976379,0.7899219989776611,0,0,0.3575519919395447,0,1
K0.033,0.9976750016212463,0.05322197452187538,-0.0425758957862854,0,-0.03792501613497734,0.9525450468063354,0.3020268678665161,0,0.056629884988069534,-0.29970988631248474,0.9523480534553528,0,-0.1018279492855072,1.4070141315460205,-0.003942012321203947,1,0.9994660019874573,-0.013775020837783813,-0.029631074517965317,0,0.01956503465771675,0.9785640239715576,0.2050110250711441,0,0.02617206797003746,-0.20548102259635925,0.9783110022544861,0,0,0.20628799498081207,-0.003951000049710274,1,0.9999979734420776,0.0007869969122111797,-0.001846012775786221,0,-0.0007509966962970793,0.999809980392456,0.019500991329550743,0,0.001861012657172978,-0.019499991089105606,0.9998080134391785,0,0,0.2407130002975464,0,1,0.9999979734420776,0.0007609965978190303,-0.0020450125448405743,0,-0.0007209964096546173,0.999809980392456,0.0194809902459383,0,0.002060012659057975,-0.019478989765048027,0.9998080134391785,0,0,0.2751010060310364,0,1,0.9997280240058899,-0.021726978942751884,-0.008468003943562508,0,0.019050979986786842,0.9704059958457947,-0.24072594940662384,0,0.013447998091578484,0.24049896001815796,0.9705560207366943,0,0,0.3094879984855652,0,1,0.9960280060768127,-0.0854170173406601,-0.025136014446616173,0,0.054164014756679535,0.805324137210846,-0.5903558731079102,0,0.0706690102815628,0.5866488814353943,0.8067521452903748,0,0,0.15292400121688843,-0.0011180000146850944,1,0.025332961231470108,0.028543993830680847,-0.9992709755897522,0,0.8762170076370239,-0.4818420112133026,0.008448968641459942,0,-0.48124998807907104,-0.8757929801940918,-0.037216972559690475,0,0.10886099934577942,0.27235299348831177,-0.0016169999726116657,1,0.9370129704475403,0.34402599930763245,-0.06043015420436859,0,-0.23828794062137604,0.7560890316963196,0.6095479130744934,0,0.25539109110832214,-0.5567548871040344,0.7904420495033264,0,0,0.2262520045042038,0,1,-0.3298390507698059,0.9431790113449097,0.040242999792099,0,-0.9431880116462708,-0.3310500681400299,0.028310000896453857,0,0.04002400115132332,-0.02861900068819523,0.9987890124320984,0,0,0.560837984085083,0,1,0.629073977470398,-0.5116331577301025,-0.5852328538894653,0,0.6447970271110535,0.7639369964599609,0.025235725566744804,0,0.43417006731033325,-0.39323073625564575,0.8104720711708069,0,0,0.4560370147228241,0,1,0.8861089944839478,0.4620639979839325,-0.036159999668598175,0,-0.4144349992275238,0.8248609900474548,0.38451001048088074,0,0.20749500393867493,-0.3257319927215576,0.9224119782447815,0,-0.08322200179100037,0.06543400138616562,0,1,0.9758430123329163,-0.2078620046377182,0.0672530010342598,0,0.1996230036020279,0.973438024520874,0.11211399734020233,0,-0.08877000212669373,-0.09598000347614288,0.9914169907569885,0,-0.006360999774187803,0.08445300161838531,0,1,0.957597017288208,-0.2848060131072998,0.043515000492334366,0,0.2851240038871765,0.9584900140762329,-0.0011490000179037452,0,-0.04138199985027313,0.013508000411093235,0.9990519881248474,0,0.00915099959820509,0.09665299952030182,0,1,0.9988920092582703,0.04640499874949455,0.007799999788403511,0,-0.046723999083042145,0.9584609866142273,0.28136900067329407,0,0.00558099988847971,-0.2814219892024994,0.9595680236816406,0,0,0.11323200166225433,0.0015119999879971147,1,0.9997730255126953,-0.02113400027155876,-0.0025740000419318676,0,0.021049000322818756,0.9629909992218018,0.26871100068092346,0,-0.0031999999191612005,-0.26870501041412354,0.96321702003479,0,0.003246000036597252,0.15143999457359314,0,1,0.9991859793663025,0.04029500111937523,-0.0019460000330582261,0,-0.03965900093317032,0.9899669885635376,0.13561999797821045,0,0.007391999941319227,-0.13543300330638885,0.990759015083313,0,-0.003218000056222081,0.11913099884986877,0,1,-0.116908960044384,0.009721002541482449,0.9930949807167053,0,-0.912013053894043,-0.3968938887119293,-0.10347797721624374,0,0.39314788579940796,-0.9178130626678467,0.05526597797870636,0,-0.10886099934577942,0.2723180055618286,0.0001939999929163605,1,0.9487929940223694,-0.2846309542655945,0.1370261162519455,0,0.1344238519668579,0.7563169598579407,0.6402450799942017,0,-0.2858690917491913,-0.5890410542488098,0.7558498978614807,0,0,0.2262520045042038,0,1,-0.2730800211429596,-0.9616169929504395,-0.026847999542951584,0,0.9616379737854004,-0.2736300230026245,0.01947000063955784,0,-0.026069000363349915,-0.02050199918448925,0.9994500279426575,0,0,0.5606709718704224,0,1,0.6973831653594971,0.4856649339199066,0.5270548462867737,0,-0.657329797744751,0.7264911532402039,0.20031897723674774,0,-0.2856130003929138,-0.48614782094955444,0.8258851170539856,0,0,0.4562090039253235,0,1,0.934132993221283,-0.3399069905281067,0.10889600217342377,0,0.30468299984931946,0.918304979801178,0.25275298953056335,0,-0.18591299653053284,-0.20292599499225616,0.9613829851150513,0,0.07626300305128098,0.07689099758863449,0,1,0.9571220278739929,0.2834410071372986,-0.05981900170445442,0,-0.273144006729126,0.9517999887466431,0.13953499495983124,0,0.09648600220680237,-0.11721199750900269,0.9884089827537537,0,0.015768999233841896,0.08518999814987183,0,1,0.9795809984207153,-0.18605799973011017,-0.07618200033903122,0,0.18401999771595,0.982367992401123,-0.03301199898123741,0,0.08098100125789642,0.01831899955868721,0.9965469837188721,0,0.0038819999899715185,0.09520799666643143,0,1,0.9986770153045654,-0.051346998661756516,-0.0026859999634325504,0,0.05009099841117859,0.9597989916801453,0.27618199586868286,0,-0.01160299964249134,-0.275952011346817,0.9611009955406189,0,0,0.11284700036048889,0.0026950000319629908,1,0.9992859959602356,0.037592001259326935,0.0038300000596791506,0,-0.037337999790906906,0.9667699933052063,0.25290799140930176,0,0.005805000197142363,-0.25287100672721863,0.9674829840660095,0,-0.004110999871045351,0.15492799878120422,0,1,0.998416006565094,-0.056161001324653625,0.003355999942868948,0,0.05527599900960922,0.9902920126914978,0.1275400072336197,0,-0.010486000217497349,-0.12715299427509308,0.9918280243873596,0,0.004586999770253897,0.1223910003900528,0,1,-0.9923419952392578,0.00020000683434773237,0.12352397292852402,0,0.09782394766807556,-0.6093222498893738,0.7868658304214478,0,0.07542401552200317,0.7929227948188782,0.6046362519264221,0,0.187049001455307,-0.11460500210523605,-0.0032820000778883696,1,0.9984359741210938,0.04350114241242409,0.03512122854590416,0,-0.009228077717125416,0.747779905796051,-0.663881778717041,0,-0.055142249912023544,0.6625198125839233,0.7470118999481201,0,0,0.5946940183639526,0,1,0.9665270447731018,0.16435369849205017,0.19700999557971954,0,-0.25069186091423035,0.44164684414863586,0.861453115940094,0,0.05457378923892975,-0.8820071220397949,0.4680657982826233,0,0,0.5307940244674683,0,1,0.9998729825019836,0,0.01596600003540516,0,-0.009673000313341618,0.7955899834632874,0.605758011341095,0,-0.012702000327408314,-0.6058350205421448,0.7954890131950378,0,0,0.36083701252937317,0,1,-0.9915279746055603,-0.012300877831876278,-0.1293109506368637,0,-0.07416100054979324,-0.7637014389038086,0.6412954926490784,0,-0.10664293169975281,0.6454514861106873,0.7563194036483765,0,-0.187049001455307,-0.11460500210523605,0.0013620000099763274,1,0.9853519797325134,-0.07181988656520844,-0.1546710878610611,0,-0.03963007405400276,0.7857212424278259,-0.617310643196106,0,0.1658630222082138,0.6143977046012878,0.771365225315094,0,0,0.5951849818229675,0,1,0.9682379961013794,-0.04926293343305588,-0.2451309710741043,0,0.24682295322418213,0.34488797187805176,0.905610978603363,0,0.03993004560470581,-0.9373499751091003,0.34609195590019226,0,0,0.5309349894523621,0,1,0.9999020099639893,0.00008699989120941609,-0.013969998806715012,0,0.00850099977105856,0.7897310256958008,0.613394021987915,0,0.011085999198257923,-0.6134529709815979,0.7896530032157898,0,0,0.3575519919395447,0,1
K0.067,0.9982060194015503,0.050613027065992355,-0.03198010474443436,0,-0.03923599049448967,0.9564959406852722,0.2890961170196533,0,0.04522111266851425,-0.28732213377952576,0.9567659497261047,0,-0.09660705178976059,1.415997862815857,-0.005159988068044186,1,0.9991899728775024,-0.015779979526996613,-0.037006925791502,0,0.023146964609622955,0.9778540134429932,0.208003968000412,0,0.032904934138059616,-0.20869196951389313,0.9774280190467834,0,0,0.20628799498081207,-0.003951000049710274,1,0.9999949932098389,0.0004780030867550522,-0.003125987248495221,0,-0.0004190032777842134,0.9998279809951782,0.018556009978055954,0,0.0031339875422418118,-0.01855400949716568,0.9998229742050171,0,0,0.2407130002975464,0,1,0.9999939799308777,0.0004220033879391849,-0.003306987462565303,0,-0.00036100359284318984,0.9998279809951782,0.018527008593082428,0,0.0033139875158667564,-0.01852601021528244,0.9998229742050171,0,0,0.2751010060310364,0,1,0.9997659921646118,-0.01973102055490017,-0.00882299616932869,0,0.017081020399928093,0.9714000225067139,-0.23683404922485352,0,0.013244002126157284,0.23662804067134857,0.9715099930763245,0,0,0.3094879984855652,0,1,0.9958760142326355,-0.0867219865322113,-0.026658985763788223,0,0.05550698563456535,0.8148098587989807,-0.577065110206604,0,0.07176598906517029,0.5732061266899109,0.8162629008293152,0,0,0.15292400121688843,-0.0011180000146850944,1,0.02134403958916664,0.02795000560581684,-0.9993810057640076,0,0.8764579892158508,-0.48144999146461487,0.005254031624644995,0,-0.481005996465683,-0.8760280013084412,-0.034773025661706924,0,0.10886099934577942,0.27235299348831177,-0.0016169999726116657,1,0.9356549978256226,0.34472399950027466,-0.07559285312891006,0,-0.23284706473350525,0.7639609575271606,0.6017860770225525,0,0.2651998996734619,-0.5454621315002441,0.7950719594955444,0,0,0.2262520045042038,0,1,-0.33526793122291565,0.9412559866905212,0.0404059998691082,0,-0.9412649869918823,-0.3364839255809784,0.02825300022959709,0,0.040189001709222794,-0.028560999780893326,0.9987840056419373,0,0,0.560837984085083,0,1,0.6263870000839233,-0.5270008444786072,-0.5743771195411682,0,0.642645001411438,0.7661610245704651,-0.0021287279669195414,0,0.44118693470954895,-0.36778724193573,0.8185879588127136,0,0,0.4560370147228241,0,1,0.8861089944839478,0.4620639979839325,-0.036159999668598175,0,-0.4144349992275238,0.8248609900474548,0.38451001048088074,0,0.20749500393867493,-0.3257319927215576,0.9224119782447815,0,-0.08322200179100037,0.06543400138616562,0,1,0.9758430123329163,-0.2078620046377182,0.06725200265645981,0,0.1996230036020279,0.973438024520874,0.11211399734020233,0,-0.08877000212669373,-0.09598100185394287,0.9914169907569885,0,-0.006360999774187803,0.08445300161838531,0,1,0.957597017288208,-0.2848060131072998,0.043515998870134354,0,0.2851240038871765,0.9584900140762329,-0.0011490000179037452,0,-0.04138199985027313,0.013508000411093235,0.9990519881248474,0,0.00915099959820509,0.09665299952030182,0,1,0.9988920092582703,0.04640499874949455,0.007799999788403511,0,-0.046723999083042145,0.9584609866142273,0.28136900067329407,0,0.00558099988847971,-0.2814219892024994,0.9595680236816406,0,0,0.11323200166225433,0.0015119999879971147,1,0.9997730255126953,-0.0211350005120039,-0.0025740000419318676,0,0.021049000322818756,0.9629909992218018,0.26871100068092346,0,-0.0031999999191612005,-0.26870501041412354,0.96321702003479,0,0.003246000036597252,0.15143999457359314,0,1,0.9991859793663025,0.04029500111937523,-0.0019460000330582261,0,-0.03965900093317032,0.9899669885635376,0.13562099635601044,0,0.007391999941319227,-0.13543300330638885,0.990759015083313,0,-0.003218000056222081,0.11913099884986877,0,1,-0.11349803954362869,0.009975996799767017,0.9934880137443542,0,-0.917155921459198,-0.3855411112308502,-0.10090602189302444,0,0.3820241093635559,-0.9226369261741638,0.052908021956682205,0,-0.10886099934577942,0.2723180055618286,0.0001939999929163605,1,0.9483129978179932,-0.2800150513648987,0.14931288361549377,0,0.11995614320039749,0.7519170641899109,0.6482529640197754,0,-0.29379090666770935,-0.5968349575996399,0.7466421127319336,0,0,0.2262520045042038,0,1,-0.27600395679473877,-0.9607800245285034,-0.02690800093114376,0,0.9608010053634644,-0.27655497193336487,0.019453000277280807,0,-0.026131000369787216,-0.02048400044441223,0.9994490146636963,0,0,0.5606709718704224,0,1,0.714067816734314,0.4796730577945709,0.5099231600761414,0,-0.6397711634635925,0.7428607940673828,0.19710803031921387,0,-0.2842540144920349,-0.4669821858406067,0.8373329043388367,0,0,0.4562090039253235,0,1,0.934132993221283,-0.3399069905281067,0.10889600217342377,0,0.30468299984931946,0.918304979801178,0.25275298953056335,0,-0.18591199815273285,-0.20292599499225616,0.9613829851150513,0,0.07626300305128098,0.07689099758863449,0,1,0.9571220278739929,0.2834410071372986,-0.05981900170445442,0,-0.273144006729126,0.9517999887466431,0.13953499495983124,0,0.09648600220680237,-0.11721199750900269,0.9884089827537537,0,0.015768999233841896,0.08518999814987183,0,1,0.9795809984207153,-0.18605799973011017,-0.07618200033903122,0,0.18401999771595,0.982367992401123,-0.03301199898123741,0,0.08098100125789642,0.01831899955868721,0.9965469837188721,0,0.0038819999899715185,0.09520799666643143,0,1,0.9986770153045654,-0.051346998661756516,-0.0026859999634325504,0,0.05009099841117859,0.9597989916801453,0.27618300914764404,0,-0.01160299964249134,-0.275952011346817,0.9611009955406189,0,0,0.11284700036048889,0.0026950000319629908,1,0.9992859959602356,0.037592001259326935,0.0038300000596791506,0,-0.037337999790906906,0.9667699933052063,0.25290799140930176,0,0.005805000197142363,-0.25286999344825745,0.9674829840660095,0,-0.004110999871045351,0.15492799878120422,0,1,0.998416006565094,-0.05616199970245361,0.003355999942868948,0,0.05527599900960922,0.9902920126914978,0.1275400072336197,0,-0.010486000217497349,-0.12715299427509308,0.9918280243873596,0,0.004586999770253897,0.1223910003900528,0,1,-0.9926850199699402,0.0008829931612126529,0.12073303014039993,0,0.09284305572509766,-0.6336797475814819,0.7680041790008545,0,0.07718398422002792,0.7735951542854309,0.6289617419242859,0,0.187049001455307,-0.11460500210523605,-0.0032820000778883696,1,0.9966560006141663,0.05778585746884346,0.05777677521109581,0,-0.01693292334675789,0.837752103805542,-0.5457881689071655,0,-0.0799417570233345,0.5429841876029968,0.8359290957450867,0,0,0.5946940183639526,0,1,0.9709859490394592,0.13478030264377594,0.19753499329090118,0,-0.2367851287126541,0.42634814977645874,0.8730179071426392,0,0.03344720974564552,-0.8944618701934814,0.44589221477508545,0,0,0.5307940244674683,0,1,0.9998729825019836,0,0.01596600003540516,0,-0.009673000313341618,0.7955899834632874,0.605758011341095,0,-0.012702000327408314,-0.6058350205421448,0.7954890131950378,0,0,0.36083701252937317,0,1,-0.9922429919242859,-0.00012012106162728742,-0.12431105226278305,0,-0.07380300015211105,-0.8041185736656189,0.5898695588111877,0,-0.10003206878900528,0.5944685339927673,0.7978726029396057,0,-0.187049001455307,-0.11460500210523605,0.0013620000099763274,1,0.984699010848999,-0.06061411276459694,-0.16338291764259338,0,-0.04701092466711998,0.8103997707366943,-0.5839883685112,0,0.16780298948287964,0.5827332735061646,0.7951497435569763,0,0,0.5951849818229675,0,1,0.9692829847335815,-0.04262106865644455,-0.24222703278064728,0,0.24190804362297058,0.34299904108047485,0.9076520204544067,0,0.0443989560008049,-0.938368022441864,0.3427730202674866,0,0,0.5309349894523621,0,1,0.9999030232429504,0.0000760001057642512,-0.013910001143813133,0,0.008469999767839909,0.7899159789085388,0.6131560206413269,0,0.011035000905394554,-0.6132140159606934,0.7898390293121338,0,0,0.3575519919395447,0,1
K0.100,0.9987499713897705,0.04631499946117401,-0.01881200075149536,0,-0.039381999522447586,0.96076500415802,0.27455198764801025,0,0.030789999291300774,-0.2734679877758026,0.9613879919052124,0,-0.08926600217819214,1.4155199527740479,-0.007877999916672707,1,0.9988489747047424,-0.015944000333547592,-0.04524499922990799,0,0.02542700059711933,0.9757270216941833,0.217507004737854,0,0.040679000318050385,-0.21840700507164001,0.975009024143219,0,0,0.20628799498081207,-0.003951000049710274,1,0.9999889731407166,0.0005159999709576368,-0.004575999919325113,0,-0.00042699999175965786,0.9998130202293396,0.019314000383019447,0,0.004585000220686197,-0.019311999902129173,0.9998030066490173,0,0,0.2407130002975464,0,1,0.9999880194664001,0.00042600001324899495,-0.004780000075697899,0,-0.00033400001120753586,0.999813973903656,0.0192709993571043,0,0.004786999896168709,-0.019269999116659164,0.9998030066490173,0,0,0.2751010060310364,0,1,0.9998019933700562,-0.01757900044322014,-0.009271999821066856,0,0.014918000437319279,0.9720349907875061,-0.23436200618743896,0,0.013132000342011452,0.23417699337005615,0.9721050262451172,0,0,0.3094879984855652,0,1,0.9956849813461304,-0.08835399895906448,-0.02838600054383278,0,0.05646099895238876,0.8194990158081055,-0.5702919960021973,0,0.07365000247955322,0.5662279725074768,0.8209519982337952,0,0,0.15292400121688843,-0.0011180000146850944,1,0.02112800069153309,0.027842000126838684,-0.9993889927864075,0,0.8778600096702576,-0.47888898849487305,0.005218000151216984,0,-0.4784510135650635,-0.8774340152740479,-0.03455999866127968,0,0.10886099934577942,0.27235299348831177,-0.0016169999726116657,1,0.9355599880218506,0.3438889980316162,-0.08042000234127045,0,-0.231346994638443,0.7688009738922119,0.5961740016937256,0,0.2668440043926239,-0.5391520261764526,0.7988179922103882,0,0,0.2262520045042038,0,1,-0.3389680087566376,0.9399250149726868,0.04051699861884117,0,-0.9399340152740479,-0.3401870131492615,0.028212999925017357,0,0.04030099883675575,-0.028519999235868454,0.9987800121307373,0,0,0.560837984085083,0,1,0.6236730217933655,-0.5417129993438721,-0.5635409951210022,0,0.6376540064811707,0.769569993019104,-0.034067001193761826,0,0.4521389901638031,-0.3380970060825348,0.8253849744796753,0,0,0.4560370147228241,0,1,0.8861089944839478,0.4620639979839325,-0.036159999668598175,0,-0.4144349992275238,0.8248609900474548,0.38451001048088074,0,0.20749500393867493,-0.3257310092449188,0.9224129915237427,0,-0.08322200179100037,0.06543400138616562,0,1,0.9758430123329163,-0.2078630030155182,0.0672530010342598,0,0.19962400197982788,0.973438024520874,0.11211399734020233,0,-0.08877000212669373,-0.09598000347614288,0.9914169907569885,0,-0.006360999774187803,0.08445300161838531,0,1,0.957597017288208,-0.2848060131072998,0.043515000492334366,0,0.2851240038871765,0.9584900140762329,-0.0011490000179037452,0,-0.04138199985027313,0.013508000411093235,0.9990519881248474,0,0.00915099959820509,0.09665299952030182,0,1,0.9988920092582703,0.04640499874949455,0.007799999788403511,0,-0.046723999083042145,0.9584609866142273,0.28136900067329407,0,0.00558099988847971,-0.2814219892024994,0.9595680236816406,0,0,0.11323200166225433,0.0015119999879971147,1,0.9997730255126953,-0.0211350005120039,-0.0025740000419318676,0,0.021049000322818756,0.9629909992218018,0.26871201395988464,0,-0.0031999999191612005,-0.26870501041412354,0.96321702003479,0,0.003246000036597252,0.15143999457359314,0,1,0.9991859793663025,0.04029500111937523,-0.0019460000330582261,0,-0.03965900093317032,0.9899669885635376,0.13562099635601044,0,0.007391999941319227,-0.13543300330638885,0.990759015083313,0,-0.003218000056222081,0.11913099884986877,0,1,-0.10865599662065506,0.009095000103116035,0.9940379858016968,0,-0.9192399978637695,-0.3815639913082123,-0.09698899835348129,0,0.37840700149536133,-0.9242979884147644,0.04981999844312668,0,-0.10886099934577942,0.2723180055618286,0.0001939999929163605,1,0.9480969905853271,-0.27761900424957275,0.15504799783229828,0,0.11475300043821335,0.753462016582489,0.647400975227356,0,-0.29655298590660095,-0.5960059762001038,0.7462120056152344,0,0,0.2262520045042038,0,1,-0.2776159942150116,-0.9603139758110046,-0.0269399993121624,0,0.9603360295295715,-0.2781679928302765,0.019442999735474586,0,-0.026165999472141266,-0.02047399990260601,0.9994480013847351,0,0,0.5606709718704224,0,1,0.7451679706573486,0.4669930040836334,0.47606998682022095,0,-0.6059070229530334,0.7723140120506287,0.19080699980258942,0,-0.2785699963569641,-0.430637001991272,0.8584579825401306,0,0,0.4562090039253235,0,1,0.934132993221283,-0.3399069905281067,0.10889600217342377,0,0.30468299984931946,0.918304979801178,0.25275298953056335,0,-0.18591199815273285,-0.20292599499225616,0.9613829851150513,0,0.07626300305128098,0.07689099758863449,0,1,0.9571220278739929,0.2834410071372986,-0.05981900170445442,0,-0.273144006729126,0.9517999887466431,0.13953499495983124,0,0.09648600220680237,-0.11721300333738327,0.9884089827537537,0,0.015768999233841896,0.08518999814987183,0,1,0.9795809984207153,-0.18605799973011017,-0.07618200033903122,0,0.18401999771595,0.982367992401123,-0.03301199898123741,0,0.08098100125789642,0.01831899955868721,0.9965469837188721,0,0.0038819999899715185,0.09520799666643143,0,1,0.9986770153045654,-0.0513480007648468,-0.0026859999634325504,0,0.050092000514268875,0.9597989916801453,0.27618300914764404,0,-0.01160299964249134,-0.275952011346817,0.9611009955406189,0,0,0.11284700036048889,0.0026950000319629908,1,0.9992859959602356,0.03759299963712692,0.003829000052064657,0,-0.037338998168706894,0.9667689800262451,0.25290799140930176,0,0.005805000197142363,-0.25287100672721863,0.9674829840660095,0,-0.004110999871045351,0.15492799878120422,0,1,0.998416006565094,-0.056161001324653625,0.003355999942868948,0,0.05527599900960922,0.9902920126914978,0.1275400072336197,0,-0.010486000217497349,-0.1271519958972931,0.9918280243873596,0,0.004586999770253897,0.1223910003900528,0,1,-0.9928179979324341,-0.0020429997239261866,0.1196179986000061,0,0.09241800010204315,-0.6480180025100708,0.7559970021247864,0,0.07597000151872635,0.7616220116615295,0.6435530185699463,0,0.187049001455307,-0.11460500210523605,-0.0032820000778883696,1,0.9948009848594666,0.06254100054502487,0.08037199825048447,0,-0.019574999809265137,0.8919259905815125,-0.4517579972743988,0,-0.0999390035867691,0.4478369951248169,0.8885130286216736,0,0,0.5946940183639526,0,1,0.9748809933662415,0.1050029993057251,0.19641999900341034,0,-0.22248399257659912,0.4181689918041229,0.8807010054588318,0,0.010339001193642616,-0.9022799730300903,0.43102699518203735,0,0,0.5307940244674683,0,1,0.9998729825019836,0,0.015968000516295433,0,-0.00967399962246418,0.7955859899520874,0.6057630181312561,0,-0.012703999876976013,-0.6058400273323059,0.7954850196838379,0,0,0.36083701252937317,0,1,-0.9921939969062805,0.006189999636262655,-0.12455300241708755,0,-0.0747470036149025,-0.8289949893951416,0.5542389750480652,0,-0.099822998046875,0.5592219829559326,0.8229860067367554,0,-0.187049001455307,-0.11460500210523605,0.0013620000099763274,1,0.9845970273017883,-0.06258899718523026,-0.16325299441814423,0,-0.04573199898004532,0.8090310096740723,-0.5859839916229248,0,0.1687529981136322,0.5844240188598633,0.793707013130188,0,0,0.5951849818229675,0,1,0.9725019931793213,-0.024782000109553337,-0.2315720021724701,0,0.22671400010585785,0.3282899856567383,0.9169660210609436,0,0.05329800024628639,-0.9442520141601562,0.324880987405777,0,0,0.5309349894523621,0,1,0.9999030232429504,0.00008499999967170879,-0.01396000012755394,0,0.008496000431478024,0.7897629737854004,0.6133530139923096,0,0.011076999828219414,-0.6134120225906372,0.7896860241889954,0,0,0.3575519919395447,0,1
